-11.79,NaN,-6.42,-5.49,-3.77,-3.03,-0.399999999999999,NaN,2.49,4.02,5.02,6.32,NaN,NaN,8.84,NaN
NaN,-7.71,-6.41,-5.28,NaN,-3.23,-0.27,1.36,2.61,NaN,5.12,6.5,NaN,7.94,NaN,10.69
NaN,-7.72,-6.38,-5.3,NaN,-3.13,-0.489999999999998,1.8,2.63,3.99,5.13,6.63,NaN,NaN,NaN,NaN
-11.79,NaN,-6.26,-5.15,-3.96,-3.07,-0.25,NaN,2.55,NaN,NaN,6.16,7.27,7.87,8.84,10.69
-11.79,NaN,-6.34,-4.82,-4.07,-3.01,-0.349999999999998,NaN,2.64,4.01,4.84,6.65,NaN,7.91,NaN,NaN
-11.79,-7.61,-6.6,NaN,-3.75,-3.09,-0.300000000000001,1.94,2.58,4.1,NaN,6.29,NaN,NaN,8.53,NaN
NaN,NaN,-6.36,-5.29,NaN,-3.12,-0.34,NaN,2.58,3.94,4.85,NaN,7.23,NaN,8.46,10.69
-11.79,-7.78,-5.94,-5.16,-4.05,-3.02,-0.52,NaN,2.55,4.1,NaN,NaN,7.25,8.01,8.89,10.69
-11.79,-7.65,-6.36,-4.81,-3.76,-3.17,-0.199999999999999,NaN,2.56,3.83,5.14,6.29,NaN,NaN,8.43,10.69
NaN,-7.75,-6.12,NaN,-3.71,-3.01,-0.219999999999999,NaN,2.63,4.06,5.19,6.11,7.2,NaN,8.91,10.69
-11.79,-7.47,NaN,-5.22,NaN,-3.06,-0.27,1.85,2.63,NaN,4.83,6.58,NaN,7.98,NaN,10.69
-11.79,NaN,-6.06,-5.1,-3.72,-3.15,-0.390000000000001,1.64,2.59,3.76,4.88,NaN,7.2,7.81,8.83,NaN
NaN,-7.66,NaN,-5.26,-3.71,-3.08,-0.469999999999999,1.68,2.52,3.88,5.03,6.38,7.14,7.89,NaN,NaN
-11.79,NaN,-6.19,-5.47,-4.18,-2.69,-0.349999999999998,NaN,2.59,3.94,4.99,6.34,NaN,7.95,8.87,10.69
NaN,-7.82,-6.16,NaN,-3.76,-3.07,-0.34,1.6,2.65,4.1,4.98,NaN,7.13,NaN,8.72,NaN
NaN,-7.51,-6.3,-5.35,NaN,-2.93,-0.419999999999998,NaN,2.53,NaN,NaN,NaN,7.13,NaN,8.89,10.69
-11.79,-7.6,-5.8,-5.35,NaN,-2.94,-0.390000000000001,NaN,2.57,NaN,5.23,NaN,7.17,7.95,8.87,10.69
-11.79,NaN,-6.24,-5.18,NaN,-2.94,-0.280000000000001,1.74,2.62,4,NaN,6.65,NaN,8,8.87,10.69
NaN,-7.74,-5.73,NaN,-3.92,-3.06,-0.289999999999999,1.73,2.54,3.94,5.18,6.75,NaN,7.89,8.91,NaN
-11.79,-7.82,-6.22,-5.08,-3.69,-3.13,-0.449999999999999,NaN,2.5,4.06,NaN,6.22,NaN,7.92,NaN,NaN
NaN,-7.49,-5.77,NaN,-3.93,-3,NaN,1.91,2.62,3.95,5.15,NaN,NaN,7.95,NaN,10.69
-11.79,NaN,-6.29,-5.3,-3.77,-3.01,-0.57,NaN,2.48,NaN,4.97,6.62,NaN,7.87,8.59,NaN
-11.79,NaN,-5.82,NaN,-3.66,-3.21,-0.359999999999999,NaN,2.57,3.88,5,6.17,NaN,7.93,8.51,NaN
-11.79,-7.61,-6.13,-5.44,-3.99,NaN,-0.190000000000001,NaN,2.58,3.89,5.18,NaN,7.13,NaN,8.72,NaN
NaN,-7.55,-6.33,NaN,-3.78,-2.85,-0.390000000000001,NaN,2.49,4.03,5.06,6.21,NaN,7.83,8.72,NaN
NaN,-7.8,-6.25,-5.44,-4.03,-2.82,-0.349999999999998,1.42,2.56,3.73,5.04,6.29,NaN,NaN,8.8,NaN
-11.79,-7.33,NaN,-5.36,-3.88,-3.02,-0.52,1.67,2.6,4.04,4.99,6.24,NaN,NaN,8.53,10.69
-11.79,-7.48,NaN,-5.14,-4.08,-3.21,-0.699999999999999,1.69,2.58,4,5.22,6.29,NaN,7.82,8.91,NaN
-11.79,-7.54,-5.86,-5.3,NaN,-3.1,-0.27,NaN,2.59,4.03,4.85,6.45,NaN,NaN,8.8,NaN
-11.79,-7.56,-6.21,NaN,-3.85,-2.81,-0.27,1.7,2.61,4.08,4.8,6.64,NaN,NaN,8.72,NaN
-11.79,-7.69,-6.25,-5.23,-3.78,NaN,-0.219999999999999,1.78,2.55,3.98,5.17,6.62,NaN,8.34,8.88,10.69
NaN,NaN,-6.21,-5.24,NaN,-3.12,-0.300000000000001,NaN,2.57,NaN,5.24,6.56,NaN,7.94,NaN,10.69
-11.79,-7.42,NaN,-5.39,-4.08,-3.13,-0.359999999999999,1.69,2.57,3.96,5.15,6.67,NaN,NaN,8.91,10.69
-11.79,-7.74,-6,-5.11,-3.71,-3.11,-0.25,NaN,2.64,3.97,5.12,6.17,7.18,NaN,8.56,10.69
NaN,-7.74,-6.13,-5.01,-4.01,-3.17,-0.359999999999999,NaN,2.52,NaN,4.91,NaN,7.24,8.08,NaN,10.69
NaN,NaN,-5.76,-5.24,-3.9,-2.92,-0.41,1.5,2.54,3.97,4.98,6.22,NaN,NaN,8.6,10.69
NaN,-8.05,-6.32,-5.17,NaN,-2.73,-0.280000000000001,NaN,2.55,4.03,5.17,NaN,7.18,7.82,8.71,NaN
-11.79,-7.54,-6.04,-5.28,NaN,-3.14,-0.289999999999999,1.71,2.62,3.91,5.17,6.57,NaN,NaN,8.8,10.69
-11.79,-7.69,-6.41,-5.23,NaN,-3.16,-0.359999999999999,NaN,2.57,4.02,4.99,6.09,7.31,NaN,8.84,NaN
-11.79,-7.4,-5.82,-5.29,-4.02,-2.98,-0.34,1.86,2.41,NaN,5.18,6.15,NaN,8.35,8.88,10.69
-11.79,-7.39,NaN,-5.37,-3.92,-3.14,-0.780000000000001,1.58,2.53,3.84,5.16,6.62,NaN,7.81,8.91,NaN
-11.79,-7.26,NaN,-5.17,-3.65,NaN,-0.469999999999999,1.62,2.52,4.14,4.76,NaN,7.55,NaN,8.91,NaN
-11.79,-7.46,-6.37,-5.37,-3.8,NaN,-0.32,NaN,NaN,4.04,5.2,6.1,NaN,7.99,8.45,10.69
-11.79,-7.64,-6.17,-4.91,-3.78,-2.6,-0.25,1.73,2.54,4.03,4.97,6.29,7.17,NaN,8.52,10.69
-11.79,-7.56,-6.29,-5.15,-3.88,-3.09,-0.309999999999999,1.56,2.66,4.02,5.19,5.99,NaN,NaN,NaN,NaN
-11.79,-7.67,-6.61,-5.27,-3.77,NaN,NaN,1.61,2.62,4.15,NaN,6.05,NaN,NaN,8.91,NaN
-11.79,NaN,-6.34,-5.11,-3.89,-3.1,-0.300000000000001,NaN,2.44,3.94,NaN,6.64,NaN,NaN,8.91,NaN
-11.79,NaN,NaN,-5.29,NaN,-2.73,-0.32,NaN,2.55,3.91,5.02,NaN,7.24,NaN,8.87,10.69
NaN,NaN,NaN,-4.93,NaN,-3.1,-0.349999999999998,NaN,2.67,4.05,5.08,6.67,NaN,NaN,8.91,10.69
NaN,NaN,-6.2,-5.29,-4.12,-2.62,-0.82,NaN,2.5,NaN,5.12,NaN,7.14,NaN,8.91,10.69
NaN,-7.82,-6.14,-5.14,NaN,-3.16,-0.32,NaN,2.7,4.08,5.12,NaN,7.17,7.92,NaN,NaN
-11.79,-7.6,-5.91,NaN,NaN,-3.11,-0.280000000000001,1.67,2.56,4.12,5.03,6.27,NaN,7.89,8.68,NaN
-11.79,-7.4,-6.34,-5.51,NaN,-3.07,-0.169999999999998,1.46,2.59,4.04,NaN,6.21,NaN,7.98,8.87,10.69
NaN,-7.67,NaN,-5.39,-3.87,-3.02,-0.280000000000001,NaN,2.53,NaN,4.91,6.29,NaN,NaN,8.77,10.69
-11.79,-7.41,-6.17,-5.27,-4,-3.07,-0.149999999999999,NaN,2.5,NaN,4.67,NaN,7.25,NaN,8.91,10.69
-11.79,-7.71,-6.66,-5.3,NaN,-3.23,-0.300000000000001,NaN,2.56,4.09,5.15,6.09,7.21,NaN,8.8,10.69
-11.79,-7.44,-6.68,-5.2,-3.82,-3.06,NaN,NaN,2.58,4.12,NaN,6.23,NaN,7.95,NaN,10.69
NaN,-7.75,-6.27,-5.27,NaN,-3.08,-0.379999999999999,NaN,2.53,NaN,5.17,6.08,NaN,NaN,8.8,10.69
NaN,NaN,-6.25,-5.29,NaN,-2.91,-0.27,NaN,2.6,3.98,NaN,NaN,7.24,7.92,NaN,NaN
NaN,-7.89,-6.21,-5.16,NaN,-3.09,-0.280000000000001,NaN,2.49,3.97,5.06,6.14,7.24,NaN,8.77,10.69
-11.79,NaN,-5.97,-5.31,-4,-2.86,-0.370000000000001,NaN,2.57,4.05,5.04,6.26,7.19,7.89,8.57,NaN
-11.79,-7.61,-6.36,-5.11,-3.85,-3.01,-0.370000000000001,1.67,2.58,3.95,5.39,NaN,7.22,NaN,8.8,10.69
-11.79,-7.6,-6.17,-5.36,NaN,-3.05,-0.75,NaN,2.49,4.01,5.16,NaN,NaN,7.9,8.9,10.69
-11.79,-7.45,NaN,-5.59,NaN,-3.14,-0.84,NaN,2.5,3.92,4.88,6.24,NaN,7.92,8.59,10.69
-11.79,NaN,-6.42,-5.36,NaN,-2.89,-0.280000000000001,2.01,2.63,4.04,NaN,NaN,7.11,NaN,8.9,10.69
NaN,-7.76,-6.01,-5.05,NaN,-2.9,-0.32,1.58,2.57,3.97,5.04,6.05,7.26,NaN,8.72,NaN
NaN,-7.59,-6.17,-5.14,NaN,-3.12,-0.199999999999999,1.76,2.68,NaN,NaN,NaN,7.23,NaN,8.91,NaN
NaN,NaN,-5.88,-4.88,-3.81,-3.12,-0.27,1.84,2.6,NaN,5.49,NaN,7.21,NaN,8.91,10.69
-11.79,-7.64,NaN,-5.33,-3.83,-2.9,-0.349999999999998,NaN,2.53,4.03,4.83,6.11,7.18,7.97,8.5,NaN
-11.79,-7.74,-6.12,-5.35,NaN,-3.12,-0.739999999999998,NaN,2.55,NaN,5.1,6.2,NaN,NaN,8.72,NaN
NaN,-7.65,-6.36,-5.35,-4.05,-3.08,-0.370000000000001,NaN,2.52,4.03,4.87,6.43,NaN,NaN,8.56,10.69
-11.79,-7.65,-5.87,NaN,NaN,-3.03,-0.399999999999999,1.58,2.73,3.9,NaN,NaN,7.26,NaN,8.9,10.69
NaN,-7.72,-6.03,NaN,NaN,-2.8,-0.41,1.72,2.62,NaN,4.88,6.34,NaN,NaN,8.84,NaN
-11.79,-7.15,-6.19,-5.26,-4.01,-3.05,-0.25,1.66,2.63,4.03,NaN,6.28,7.21,NaN,8.88,10.69
-11.79,NaN,-6.23,-5.23,NaN,-3.11,-0.359999999999999,NaN,2.58,NaN,NaN,6.66,NaN,NaN,8.91,NaN
-11.79,-7.68,-6.26,-5.13,-3.92,-3.05,-0.16,1.74,2.64,4.04,NaN,6.11,7.12,7.88,8.69,NaN
-11.79,NaN,-6.18,-4.83,NaN,-3.17,-0.48,1.82,2.59,4.05,5.14,6.29,NaN,7.92,8.76,10.69
NaN,-7.68,-6.34,NaN,-4.07,-2.57,-0.259999999999998,NaN,2.56,3.55,NaN,6.33,NaN,NaN,8.8,10.69
-11.79,-7.61,NaN,-5.22,-3.76,-3.14,NaN,1.88,2.52,4,5.06,6.37,NaN,7.9,8.76,10.69
-11.79,NaN,-6.33,-5.05,NaN,-2.98,-0.34,NaN,2.64,3.96,4.92,6.62,NaN,7.92,NaN,NaN
-11.79,-7.69,-6.64,-5.25,-3.81,-3.16,-0.780000000000001,1.71,2.56,3.72,NaN,6.27,7.28,NaN,8.9,10.69
-11.79,NaN,NaN,-5.23,NaN,-3.13,-0.239999999999998,NaN,2.58,3.99,5.11,6.08,NaN,NaN,8.48,10.69
-11.79,-7.44,-6.11,NaN,NaN,-2.83,-0.289999999999999,1.78,2.64,4.18,5.19,6.42,NaN,NaN,8.9,10.69
-11.79,NaN,NaN,-5.43,NaN,-2.76,-0.41,NaN,2.6,3.97,4.76,6.17,NaN,NaN,8.54,NaN
-11.79,-7.52,-6.65,-5.27,-3.88,-2.79,-0.27,NaN,2.57,4.08,NaN,NaN,6.96,NaN,8.85,10.69
-11.79,-7.67,NaN,-5.24,NaN,-3.1,-0.259999999999998,1.7,2.62,3.96,5.13,6.63,NaN,NaN,8.41,10.69
-11.79,-7.55,-6.15,-5.18,NaN,-3.04,-0.359999999999999,1.98,NaN,4.17,NaN,6.54,NaN,7.93,8.51,NaN
NaN,-7.54,-5.81,NaN,-3.53,NaN,-0.300000000000001,1.59,2.54,3.77,5.1,NaN,6.95,7.85,8.91,10.69
-11.79,-7.72,-6.35,-5.15,NaN,-3.12,-0.34,NaN,2.53,3.95,5.23,6.34,NaN,7.94,NaN,10.69
-11.79,-7.28,-5.91,-5.26,-3.83,-2.97,-0.379999999999999,1.63,2.66,3.85,4.86,6.38,NaN,7.99,8.8,10.69
-11.79,NaN,-6.32,-5.12,-3.92,-3.02,NaN,1.64,2.6,NaN,4.77,6.67,NaN,7.86,8.91,NaN
-11.79,-7.43,NaN,-5.31,-4.02,-3.09,-0.5,NaN,2.61,3.84,5.02,NaN,NaN,8.16,8.87,10.69
NaN,-7.69,-6.22,-5.34,NaN,-3.02,-0.300000000000001,NaN,2.56,3.91,5.24,NaN,6.8,8.01,8.89,10.69
-11.79,-7.67,-5.87,-5.21,-4.04,-3.11,-0.649999999999999,NaN,2.56,4.08,5.13,6.62,NaN,NaN,8.72,NaN
NaN,-7.62,-6.29,-5.28,-4.14,-2.99,-0.390000000000001,NaN,2.4,4.25,5.09,6.61,NaN,7.85,8.59,NaN
-11.79,-7.46,NaN,-5.39,-3.75,-2.77,-0.370000000000001,NaN,2.59,3.8,NaN,6.22,NaN,7.83,8.71,NaN
-11.79,-7.68,-6.28,-5.31,-3.76,-3.04,-0.300000000000001,1.69,2.73,3.97,4.86,6.21,NaN,NaN,8.58,10.69
NaN,-7.78,-6.05,-5.17,-3.85,NaN,-0.25,NaN,2.54,4.08,5.07,NaN,7.12,8.06,NaN,10.69
-11.79,-7.66,-6.24,-5.38,NaN,-3.03,-0.259999999999998,1.66,2.66,4.03,5.2,6.4,NaN,7.84,8.6,NaN
-11.79,-7.39,NaN,-5.31,-4.02,-2.93,-0.259999999999998,1.63,2.65,4.03,5.28,6.57,NaN,NaN,NaN,NaN
-11.79,-7.29,-6.2,-5.26,NaN,-3.14,-0.41,NaN,2.56,4.05,4.91,6.14,7.26,NaN,8.57,10.69
-11.79,NaN,-6.27,-5.27,-4.16,-3,-0.399999999999999,NaN,2.56,4.11,5.05,6.17,NaN,NaN,8.54,NaN
NaN,-7.7,-6.08,-5.21,-3.95,-2.9,-0.280000000000001,NaN,2.57,3.94,5.15,6.25,NaN,NaN,8.85,10.69
-11.79,-7.6,NaN,-5.31,-3.8,NaN,-0.390000000000001,NaN,2.54,3.96,5.21,6.46,NaN,8.05,8.82,10.69
-11.79,-7.7,-6.5,-5.22,-3.75,-2.85,-0.460000000000001,1.79,2.5,4.04,5.17,6.66,NaN,7.84,8.91,10.69
-11.79,-7.75,-6.08,-5.23,-3.77,-2.93,-0.399999999999999,NaN,2.67,3.95,4.99,6.54,NaN,8.03,NaN,10.69
-11.79,-7.61,-6.43,NaN,NaN,-2.97,-0.25,NaN,2.53,3.89,5.16,6.02,7.19,7.92,8.75,10.69
NaN,-7.72,-5.86,-5.23,NaN,-3.11,-0.34,NaN,2.69,4.07,5.14,6.62,NaN,NaN,8.61,10.69
NaN,NaN,NaN,-5.4,-3.66,-2.99,NaN,NaN,2.55,4.11,NaN,6.53,NaN,NaN,8.52,10.69
-11.79,-7.58,-6.1,-5.22,-4.05,-2.96,-0.210000000000001,NaN,2.54,NaN,NaN,6.16,NaN,NaN,8.49,10.69
-11.79,NaN,-5.78,NaN,-4.11,-3.19,-0.23,NaN,2.68,3.86,5.13,NaN,7.21,7.93,8.89,10.69
-11.79,NaN,NaN,-5.34,-4.07,-3.13,-0.27,1.72,2.64,4.01,5.04,NaN,7.12,8.01,8.43,10.69
NaN,-7.78,-6.36,-5.43,-3.69,-2.63,-0.329999999999998,NaN,2.63,NaN,NaN,6.55,NaN,8.16,8.88,10.69
-11.79,-7.52,-6.38,-4.8,-3.77,-3.06,-0.219999999999999,1.65,2.53,3.97,5.13,6.28,NaN,7.84,8.6,NaN
NaN,-7.68,-6.3,-5.26,-4.04,-2.91,-0.829999999999998,1.74,2.61,3.99,NaN,6.72,NaN,NaN,8.91,NaN
NaN,NaN,-6.45,-5.51,NaN,-3.13,-0.289999999999999,NaN,2.61,NaN,NaN,6.74,NaN,7.89,8.9,10.69
-11.79,-7.78,-6.41,-5.26,-4.05,-2.95,-0.219999999999999,1.49,2.64,3.97,5.3,6.22,NaN,NaN,8.91,NaN
NaN,-7.75,-6.41,-4.85,-3.84,-3.01,-0.289999999999999,NaN,2.58,4.12,4.88,6.17,7.16,NaN,8.54,10.69
-11.79,NaN,-6.4,-5.49,-3.78,-3.09,-0.349999999999998,1.72,2.58,4.37,NaN,6.26,NaN,7.96,8.48,10.69
-11.79,-7.44,-6.07,-5.05,-3.84,-2.94,-0.289999999999999,1.7,2.55,NaN,5.01,NaN,7.11,7.85,8.91,10.69
NaN,-7.67,-6.46,NaN,-4.12,-3.08,-0.27,1.37,2.71,4,5,6.66,NaN,NaN,8.85,10.69
-11.79,-7.61,-6.26,-5.23,-4.11,-3.06,NaN,NaN,2.52,3.85,5.26,6.19,NaN,8.06,NaN,10.69
-11.79,-7.5,-6.19,-5.28,-4.03,-2.9,-0.25,NaN,2.52,NaN,4.73,NaN,7.21,NaN,8.84,NaN
NaN,-7.66,-6.25,-5.2,NaN,-3.14,-0.23,NaN,2.48,4.02,NaN,6.51,NaN,NaN,8.77,10.69
-11.79,-7.54,-6.06,-5.06,-4.01,-2.87,NaN,NaN,2.59,NaN,NaN,6.33,NaN,7.95,8.51,NaN
NaN,-7.62,-6.12,-5.18,-3.76,-3.08,-0.32,NaN,2.75,4.02,4.86,6.16,7.31,NaN,8.61,10.69
NaN,-7.6,-6.34,-5.27,-4.07,-2.96,-0.359999999999999,NaN,2.59,4.07,5.1,NaN,7.24,7.98,NaN,10.69
NaN,-7.49,-6.18,-4.78,-3.79,-2.89,-0.359999999999999,NaN,2.53,4.05,5.17,6.15,NaN,7.98,NaN,10.69
-11.79,NaN,-5.98,-5.26,-3.87,-2.88,-0.190000000000001,1.84,2.57,3.7,5.09,NaN,7.26,8.01,8.8,10.69
NaN,-7.65,-6.2,-5.25,-3.7,-2.69,NaN,NaN,2.56,3.97,5.16,NaN,7.24,NaN,8.87,10.69
NaN,-7.72,-6.17,-5.24,NaN,-3.09,-0.390000000000001,NaN,2.66,4.03,5.21,6.1,NaN,7.9,NaN,NaN
NaN,NaN,-6.06,-5.04,NaN,-3.21,NaN,NaN,2.39,3.6,4.84,NaN,6.82,NaN,8.91,NaN
-11.79,NaN,-6.3,-5.29,NaN,-2.96,-0.68,1.86,2.52,NaN,4.88,6.34,7.11,7.95,8.76,10.69
-11.79,-7.62,-5.99,-5.26,NaN,-2.97,-0.489999999999998,NaN,2.47,4.15,NaN,NaN,7.17,7.96,NaN,10.69
NaN,-7.72,NaN,-5.27,NaN,-2.98,-0.379999999999999,1.7,2.56,3.94,5.21,6.07,7.24,NaN,8.85,10.69
NaN,-7.64,-5.8,NaN,-4.1,-3.05,-0.359999999999999,1.76,2.6,3.87,5.17,6.31,NaN,7.91,8.9,10.69
NaN,-7.76,NaN,-5.19,NaN,-3.16,-0.82,NaN,2.56,4.01,5.04,6.04,7.33,7.91,8.76,10.69
-11.79,-7.65,-6.65,-5.65,-3.79,-3.01,-0.379999999999999,NaN,2.61,3.99,NaN,6.68,NaN,7.87,8.9,10.69
-11.79,-7.78,-6.17,-5.17,-3.85,-2.9,-0.32,NaN,2.61,4.35,5.29,6.03,7.31,NaN,8.91,NaN
-11.79,-7.62,-6.29,-5.42,-4.1,-3.02,-0.219999999999999,NaN,2.55,3.96,4.89,6.24,NaN,NaN,8.57,10.69
-11.79,-7.59,-6.35,-5.2,-3.96,NaN,NaN,NaN,2.44,3.81,5.1,6.69,NaN,7.83,8.72,NaN
-11.79,-7.54,-5.97,-4.99,-3.85,-2.66,-0.719999999999999,NaN,2.66,NaN,5.12,6.1,NaN,7.94,NaN,NaN
-11.79,-7.59,NaN,-5.28,NaN,-2.79,NaN,NaN,2.59,NaN,4.9,6.24,NaN,NaN,8.62,NaN
-11.79,-7.61,-6.38,NaN,-3.95,NaN,-0.280000000000001,NaN,2.46,3.91,5.28,6.69,NaN,NaN,8.9,10.69
-11.79,-7.43,-5.9,-5.22,NaN,-2.97,-0.370000000000001,NaN,2.47,3.75,5.12,6.54,NaN,NaN,8.53,NaN
-11.79,NaN,NaN,NaN,-3.97,-2.86,-0.300000000000001,NaN,2.58,4.02,NaN,NaN,7.24,NaN,8.91,10.69
-11.79,NaN,NaN,-5.27,-3.8,-3.12,-0.82,NaN,2.58,4.1,5.11,6.23,NaN,NaN,8.48,10.69
-11.79,NaN,NaN,-5.68,NaN,-3.05,-0.379999999999999,NaN,2.6,4.1,NaN,NaN,7.18,7.82,8.71,NaN
-11.79,-7.59,-5.81,NaN,-3.93,-2.95,-0.309999999999999,NaN,2.55,4.03,NaN,6.13,NaN,7.91,NaN,NaN
NaN,-7.75,-6.08,-5.19,-3.98,-2.85,-0.309999999999999,1.88,2.62,3.83,5.15,6.36,NaN,NaN,8.54,NaN
NaN,-7.81,-5.98,-5.02,-3.94,-3.04,-0.23,NaN,2.6,4.06,5.21,NaN,7.28,NaN,8.8,10.69
-11.79,-7.71,-6.15,-5.22,NaN,-3.1,-0.599999999999998,NaN,2.59,4.26,NaN,6.13,7.31,NaN,8.61,10.69
NaN,-7.73,-6.12,-5.22,-3.83,-3.02,-0.309999999999999,NaN,2.6,3.86,4.81,6.17,NaN,7.93,8.51,NaN
-11.79,-7.6,-6.47,-5.31,NaN,-3.02,-0.23,NaN,2.64,NaN,5.23,6.38,NaN,7.9,NaN,NaN
NaN,-7.85,NaN,-5.1,NaN,-3.06,-0.399999999999999,1.91,2.65,4,5.22,6.63,NaN,7.91,8.9,10.69
NaN,-7.68,-6.01,-5.08,-4.03,-3.18,-0.23,1.68,2.59,3.99,NaN,6.2,NaN,NaN,8.88,10.69
NaN,-7.54,NaN,-5.32,-3.97,-2.8,-0.640000000000001,NaN,2.6,NaN,NaN,6.5,NaN,8.01,8.8,10.69
NaN,-7.65,NaN,-4.85,-3.94,-2.87,-0.300000000000001,NaN,2.54,3.96,5.03,6.36,NaN,NaN,8.53,NaN
-11.79,-7.78,-6.17,-5.12,-3.83,-3.14,-0.219999999999999,1.9,2.57,NaN,4.94,6.27,NaN,7.85,8.9,10.69
NaN,-7.54,-6,-5.08,NaN,-3.04,-0.18,NaN,2.61,4.13,5.07,6.23,7.17,NaN,8.63,10.69
-11.79,NaN,-6.14,-5.3,-3.74,NaN,-0.780000000000001,1.93,NaN,NaN,NaN,6.11,7.31,NaN,8.77,10.69
NaN,-7.63,-6,-4.96,NaN,-3.27,-0.280000000000001,1.36,2.63,4,5.04,6.14,7.31,NaN,8.77,10.69
NaN,-7.81,-6.32,-5.26,NaN,-2.98,-0.359999999999999,1.6,2.68,4.02,5.1,NaN,7.31,NaN,8.77,10.69
-11.79,-7.6,-6.22,-5.29,NaN,-3.04,-0.379999999999999,NaN,2.53,4.13,5.07,6.45,NaN,NaN,8.53,10.69
-11.79,-7.72,-6.09,-5.07,-3.81,-3.06,NaN,NaN,2.48,3.87,5.08,6.22,NaN,7.97,8.46,10.69
-11.79,-7.64,-6.11,-5.21,-4.11,-3.1,-0.280000000000001,1.61,2.57,3.99,4.86,6.37,NaN,NaN,8.8,NaN
-11.79,-7.53,NaN,-5.35,NaN,-3.22,-0.469999999999999,NaN,2.58,3.94,NaN,6.17,7.21,NaN,8.77,10.69
NaN,-7.75,NaN,-5.3,-3.86,-2.59,-0.27,NaN,2.59,NaN,NaN,6.3,NaN,NaN,8.77,10.69
-11.79,-7.44,-5.76,-4.94,-4.09,-2.82,-0.34,NaN,2.61,3.99,5.07,6.23,NaN,NaN,8.58,10.69
NaN,-7.77,-6.3,-4.93,NaN,-3.11,-0.84,NaN,2.47,3.89,5.18,NaN,7.26,NaN,8.91,NaN
NaN,NaN,-6.24,-5.27,-3.91,-2.96,NaN,NaN,2.62,3.98,5.17,6.32,NaN,7.58,8.9,10.69
NaN,-7.45,-6.23,NaN,-3.79,-3.06,-0.289999999999999,NaN,2.56,4.02,5.15,6.36,NaN,NaN,8.85,10.69
-11.79,NaN,-6.02,-5.18,-3.91,-3.04,NaN,NaN,2.58,4.11,5.12,6.45,NaN,7.93,8.51,NaN
NaN,NaN,-6.29,-5.28,NaN,-3.09,-0.25,NaN,2.57,4.1,5.1,6.47,NaN,NaN,8.77,10.69
-11.79,NaN,-6.33,-4.79,-3.8,-2.99,-0.23,NaN,2.55,3.91,5.14,6.62,NaN,NaN,8.84,NaN
-11.79,-7.57,-6.38,-5.19,-4.03,-3,-0.379999999999999,NaN,2.41,4.17,5.18,6.63,NaN,7.83,8.72,NaN
-11.79,-7.56,-6.17,-5,-4.1,-2.96,-0.390000000000001,1.68,2.51,3.85,4.92,6.34,NaN,NaN,8.84,NaN
-11.79,-7.56,-6.48,-5.26,-3.92,-3.01,-0.239999999999998,NaN,2.55,4,4.78,6.22,7.26,NaN,8.84,NaN
-11.79,-7.47,-6.11,-5.28,-3.85,-2.81,-0.359999999999999,1.63,2.57,3.97,4.8,6.35,NaN,NaN,8.91,10.69
NaN,NaN,NaN,-5.24,NaN,-3.05,-0.239999999999998,NaN,NaN,NaN,5.14,6.22,NaN,NaN,8.51,10.69
NaN,-7.75,NaN,-5.24,-4.04,-2.68,NaN,1.83,2.6,4.03,4.93,6.26,7.15,NaN,8.9,10.69
NaN,-7.7,-6,NaN,-3.89,-3.09,-0.370000000000001,NaN,2.45,4.02,5.2,6.54,NaN,7.97,8.5,NaN
-11.79,-7.56,NaN,-5.11,NaN,-3.12,-0.379999999999999,NaN,2.52,4.11,5.16,6.4,NaN,7.84,8.6,NaN
-11.79,-7.56,-6.5,-5.33,-3.91,-2.88,NaN,NaN,2.58,3.84,5.29,NaN,7.22,7.93,8.87,10.69
NaN,NaN,NaN,-5.07,-4.1,-2.98,-0.300000000000001,1.66,2.73,4.27,NaN,6.13,NaN,NaN,8.47,10.69
-11.79,-7.56,NaN,-5.31,NaN,-2.62,-0.370000000000001,NaN,2.71,3.79,5.26,6.36,NaN,NaN,8.86,10.69
-11.79,-7.44,-6.27,-5.27,-3.96,-3.16,-0.289999999999999,NaN,2.62,NaN,NaN,NaN,7.24,7.86,8.9,10.69
-11.79,-7.46,-5.96,NaN,-3.86,NaN,-0.27,2.03,2.66,NaN,5.06,6.62,NaN,8,8.87,10.69
NaN,NaN,-6.29,-5.22,NaN,-3.08,-0.449999999999999,1.73,2.6,NaN,5.09,6.72,NaN,NaN,8.88,10.69
NaN,-7.71,-5.83,-5.35,NaN,-3.35,-0.539999999999999,NaN,2.5,NaN,4.67,NaN,7.13,NaN,8.91,NaN
-11.79,-7.22,-5.73,NaN,-3.53,NaN,-0.300000000000001,1.58,2.63,NaN,4.97,6.3,NaN,7.96,NaN,10.69
NaN,NaN,NaN,-5.3,NaN,-3.09,-0.41,NaN,2.57,4.04,NaN,NaN,7.23,8.16,8.87,10.69
-11.79,-7.38,-6.17,NaN,-3.9,-3,-0.280000000000001,NaN,2.72,4.01,5.18,6.4,NaN,NaN,8.48,10.69
-11.79,-7.28,-5.87,NaN,NaN,-2.92,-0.329999999999998,1.82,2.63,4.09,4.89,6.28,7.23,NaN,8.88,NaN
NaN,-7.61,-6.19,NaN,NaN,-2.97,-0.329999999999998,1.65,2.66,3.9,5.13,6.49,NaN,NaN,8.49,10.69
-11.79,-7.45,-6.29,-5.27,-3.77,-3.16,-0.390000000000001,1.81,2.62,4.07,4.84,6.3,NaN,NaN,8.61,NaN
NaN,-7.48,-6.58,-5.21,NaN,-3.02,-0.599999999999998,1.65,2.41,NaN,4.79,6.61,NaN,NaN,8.91,NaN
-11.79,-7.63,-6.11,-4.93,NaN,-2.92,-0.32,NaN,2.6,4.04,4.92,6.2,7.23,NaN,8.81,10.69
-11.79,-7.65,-6.51,-5.42,-3.83,-3.07,-0.34,1.73,2.56,3.97,5.27,6.63,NaN,NaN,8.88,10.69
NaN,NaN,-6.15,-5.58,NaN,-3.07,-0.800000000000001,NaN,2.51,3.95,4.93,6.3,NaN,NaN,8.52,10.69
-11.79,-7.38,-6.16,-5.29,-3.89,-2.97,-0.289999999999999,NaN,2.65,3.97,NaN,NaN,7.25,8.16,8.87,10.69
-11.79,-7.67,-6.35,NaN,-3.79,-3.13,-0.169999999999998,NaN,2.46,3.96,5.08,NaN,7.23,8.03,8.85,10.69
-11.79,-7.62,-6.26,-5.29,NaN,-3,-0.300000000000001,1.61,2.57,3.96,NaN,6.31,NaN,NaN,8.8,10.69
-11.79,-7.62,-6.06,-5.17,-3.81,-3.05,-0.27,1.7,2.57,4.14,4.92,NaN,7.29,NaN,8.85,10.69
-11.79,-7.29,NaN,-5.42,NaN,-3.13,-0.349999999999998,NaN,2.58,3.98,5.17,NaN,7.21,7.99,8.87,10.69
-11.79,-7.78,-6.42,-5.05,-4.13,-3.12,NaN,1.78,2.61,4.45,NaN,6,7.24,NaN,8.91,NaN
NaN,-8.08,-6.09,-5.15,NaN,-3.03,-0.48,NaN,2.61,3.79,5.08,6.21,NaN,NaN,8.85,10.69
NaN,-7.63,-6.44,-5.44,-3.85,-2.94,-0.379999999999999,1.71,2.6,4.17,5.14,6.05,7.26,NaN,8.72,NaN
-11.79,-7.44,-5.97,NaN,NaN,-2.96,-0.190000000000001,NaN,2.49,4.05,4.85,6.26,7.11,7.9,8.56,NaN
NaN,-7.78,-6.31,-5.05,-3.83,-3.08,-0.259999999999998,NaN,2.65,4.07,5.06,6.1,7.25,7.95,8.51,NaN
-11.79,NaN,-6.34,-4.82,NaN,-3.17,-0.780000000000001,NaN,2.58,4.06,5.08,6.24,NaN,NaN,8.52,10.69
-11.79,NaN,-6.12,-4.84,-4.13,-3.05,-0.34,NaN,2.58,4.04,5.03,6.32,NaN,NaN,8.54,NaN
-11.79,-7.27,NaN,-5.68,-3.86,-2.79,-0.780000000000001,NaN,2.58,NaN,NaN,6.4,NaN,7.96,8.87,10.69
-11.79,-7.65,-6.21,-4.92,-4.16,NaN,NaN,NaN,2.58,3.99,4.94,6.26,NaN,NaN,8.62,NaN
-11.79,-7.72,-6.48,-5.32,-3.69,-2.82,-0.329999999999998,NaN,2.58,3.95,5.04,6.56,NaN,8.06,NaN,10.69
-11.79,NaN,NaN,-5.61,-3.85,-2.95,-0.309999999999999,NaN,2.53,3.89,5.11,NaN,7.39,NaN,8.9,10.69
NaN,-7.75,-6.27,-5.2,-3.84,NaN,-0.210000000000001,NaN,2.56,NaN,NaN,6.27,NaN,NaN,8.61,NaN
-11.79,-7.53,NaN,-5.55,NaN,-3.05,-0.349999999999998,NaN,2.56,4.02,NaN,NaN,7.14,NaN,8.91,10.69
NaN,-7.77,-6.19,-5.1,NaN,-3.02,-0.280000000000001,1.84,2.6,3.99,4.89,6.13,7.26,NaN,8.58,10.69
-11.79,NaN,-6.03,-5.4,NaN,-3,-0.259999999999998,NaN,2.56,4.07,5.22,6.69,NaN,7.82,8.91,NaN
NaN,NaN,NaN,-5.71,-3.76,-2.73,-0.300000000000001,NaN,2.59,4.05,4.85,6.57,NaN,NaN,8.46,10.69
-11.79,-7.26,-6.25,-5.4,-3.82,NaN,NaN,NaN,2.72,3.96,5.06,NaN,7.32,7.85,8.9,10.69
NaN,-7.63,-6.23,-5.24,NaN,-3.13,-0.530000000000001,NaN,2.56,NaN,NaN,6.64,NaN,NaN,8.72,NaN
-11.79,-7.26,NaN,-5.69,NaN,-3.03,-0.34,NaN,2.47,3.96,4.86,6.57,NaN,7.97,8.5,NaN
NaN,-7.76,-6.14,-5.19,-3.84,-2.67,NaN,NaN,2.58,4.05,5.42,NaN,NaN,8.32,8.88,10.69
NaN,-7.67,-6.22,-4.81,NaN,-3.02,-0.399999999999999,NaN,2.65,3.97,5.24,NaN,6.82,7.87,8.9,10.69
-11.79,-7.71,-6.2,-5.14,-4.13,-2.69,-0.399999999999999,NaN,2.58,4.32,NaN,6.14,NaN,NaN,8.58,10.69
-11.79,NaN,NaN,-5.52,-3.83,-2.74,-0.48,1.68,2.64,3.99,5.28,6.38,NaN,NaN,8.91,10.69
-11.79,-7.57,-6.04,-5.25,-3.92,-2.92,-0.259999999999998,1.46,2.54,3.96,4.85,NaN,NaN,NaN,8.8,10.69
-11.79,-7.43,-6.24,-5.25,-4.05,-3.03,-0.539999999999999,NaN,2.47,3.99,5.46,NaN,7.21,7.89,8.91,NaN
NaN,-7.52,NaN,-5.32,-3.9,-2.98,-0.239999999999998,NaN,2.55,3.97,4.75,NaN,NaN,NaN,8.8,10.69
-11.79,-7.55,-5.84,NaN,NaN,-2.98,-0.199999999999999,1.94,2.57,NaN,4.63,NaN,7.23,7.97,8.79,10.69
NaN,NaN,NaN,-5.2,-3.9,-3.06,-0.300000000000001,NaN,2.55,3.93,5.13,6.63,NaN,NaN,8.89,10.69
-11.79,-7.4,-5.78,-4.85,-3.96,-3.01,-0.419999999999998,2.08,NaN,3.99,5.13,NaN,7.27,NaN,8.84,10.69
-11.79,-7.54,-6.34,-5.36,-3.89,-2.91,-0.300000000000001,1.56,2.83,4.06,5.17,6.14,NaN,8.03,NaN,10.69
NaN,-7.75,-6.38,-5.24,-4.13,-2.75,-0.199999999999999,NaN,2.58,3.85,5.22,6.45,NaN,8.03,8.87,10.69
-11.79,-7.52,-5.97,-5.27,-3.9,-2.99,-0.300000000000001,NaN,2.46,NaN,5.09,6.61,NaN,NaN,8.48,10.69
-11.79,-7.38,NaN,-5.65,-3.85,NaN,-0.27,NaN,2.55,NaN,NaN,6.53,NaN,7.91,NaN,NaN
-11.79,-7.4,-6.2,NaN,NaN,-3.14,-0.329999999999998,1.7,2.57,NaN,5.17,6.29,NaN,NaN,8.45,10.69
NaN,-7.6,-6.07,-5.22,NaN,-3.15,-0.370000000000001,NaN,2.6,NaN,4.93,6.1,NaN,7.91,8.75,10.69
NaN,-7.68,NaN,-5.69,-3.78,-2.93,NaN,1.6,2.57,3.87,4.87,6.45,7.26,NaN,8.88,10.69
-11.79,NaN,-6.23,-5.3,-4.07,-3.01,-0.75,1.65,2.52,NaN,4.95,6.06,7.19,7.98,NaN,10.69
-11.79,-7.4,-6.09,-4.91,-3.78,-3.05,-0.300000000000001,NaN,2.58,3.82,5.21,NaN,7.25,7.82,8.71,NaN
-11.79,-7.71,-6.39,-5.05,-3.73,-3.11,-0.32,1.79,2.65,3.97,5.14,6.39,NaN,NaN,8.51,10.69
-11.79,-7.69,-6.13,-4.98,NaN,-3.01,-0.449999999999999,NaN,2.6,4.09,NaN,6.35,NaN,NaN,8.37,10.69
NaN,-7.75,NaN,-5.68,-3.75,-2.68,NaN,2.1,NaN,4.24,5.27,6.24,7.16,7.86,8.91,10.69
-11.79,NaN,-5.84,-5.13,-3.88,-2.93,NaN,NaN,2.53,4.03,5.12,NaN,7.21,NaN,8.85,10.69
-11.79,-7.52,-6.25,NaN,NaN,-2.89,-0.379999999999999,1.63,2.53,NaN,5.27,6.65,NaN,7.94,8.87,10.69
-11.79,-7.4,-6.15,-5.23,-3.85,-3.02,-0.370000000000001,NaN,2.52,4.19,NaN,6.55,NaN,NaN,8.62,NaN
-11.79,-7.68,-6.16,-4.85,-3.73,-3.09,NaN,NaN,2.5,4.02,5.2,6.3,NaN,NaN,8.84,NaN
-11.79,-7.58,-6.48,-5.29,-3.97,-3,-0.399999999999999,1.81,2.45,NaN,4.99,6.24,NaN,NaN,8.51,10.69
NaN,-7.77,-6.31,-5.07,-4.2,-3.02,-0.349999999999998,NaN,2.48,4.13,5.11,NaN,7.2,NaN,8.91,NaN
NaN,-7.83,NaN,-5.64,-3.88,-3.08,-0.18,1.52,2.63,3.98,NaN,6.29,NaN,7.92,NaN,NaN
NaN,-7.63,-5.97,-5.46,-3.89,-2.99,-0.259999999999998,NaN,2.58,NaN,NaN,6.22,NaN,NaN,8.54,NaN
-11.79,-7.41,-5.79,NaN,NaN,-2.98,-0.32,NaN,2.58,3.93,5.02,NaN,7.26,NaN,8.88,10.69
NaN,NaN,-6.29,-4.85,NaN,-3.09,-0.23,NaN,2.57,4.07,5.23,6.48,NaN,7.93,NaN,NaN
NaN,-7.69,-6.44,-4.77,-4.08,-3.12,-0.34,NaN,2.55,4.19,NaN,6.61,NaN,NaN,8.84,NaN
NaN,-7.58,NaN,-5.52,NaN,-3.14,-0.449999999999999,NaN,2.53,NaN,5.11,6.42,7.26,NaN,8.87,NaN
-11.79,-7.7,-6.33,-4.84,-3.95,-2.79,-0.27,NaN,2.47,3.83,5.25,6.59,NaN,NaN,8.9,10.69
-11.79,-7.38,NaN,-5.21,NaN,-2.92,-0.239999999999998,1.83,2.52,4.03,5.38,NaN,NaN,NaN,8.88,10.69
NaN,-7.67,-6.21,-5.23,-4.03,-3.01,-0.27,NaN,2.61,3.92,5.01,6.27,NaN,NaN,8.48,10.69
NaN,-7.81,-6.23,-5.21,-3.83,-2.79,-0.41,NaN,2.65,4.04,5.05,NaN,7.2,7.89,8.67,NaN
NaN,-7.57,-6.25,-5.15,-3.86,-2.61,-0.359999999999999,1.58,2.6,4.11,5.19,6.57,NaN,NaN,8.43,10.69
-11.79,-7.45,NaN,-5.29,-3.68,NaN,-0.210000000000001,NaN,2.69,NaN,NaN,6.14,NaN,NaN,8.49,10.69
-11.79,-7.42,-6.14,-5.47,-3.86,-3.05,-0.27,1.62,2.7,4.08,5.17,NaN,7.23,7.94,NaN,NaN
NaN,-7.6,-6.4,-5.44,-3.82,-2.77,-0.32,NaN,2.53,3.93,5.09,6.13,NaN,NaN,8.46,10.69
-11.79,-7.72,-6.23,-5.07,-3.82,-2.95,-0.509999999999998,1.86,2.69,4.01,5.23,6.17,7.25,NaN,8.84,10.69
-11.79,NaN,NaN,-5.67,-3.9,-2.9,NaN,NaN,2.52,3.59,4.77,NaN,7.25,8.12,8.89,10.69
NaN,-7.55,-6.28,-5.16,-4.11,-2.87,-0.25,1.52,2.58,NaN,5.08,6.64,NaN,NaN,8.91,NaN
-11.79,-7.48,NaN,-5.46,-4,-3.11,-0.34,NaN,2.6,3.98,NaN,6.24,7.31,NaN,8.88,10.69
NaN,-7.56,-6.09,-5.17,-3.69,-2.56,-0.199999999999999,1.77,2.59,3.75,4.84,6.16,7.22,NaN,8.56,10.69
-11.79,-7.74,-6.28,-5.15,-3.77,-2.76,-0.329999999999998,1.55,2.63,4.02,5.16,NaN,7.17,7.87,8.91,NaN
NaN,NaN,-6.31,NaN,NaN,-2.99,-0.349999999999998,1.64,2.55,3.75,5.14,6.63,NaN,7.94,NaN,NaN
NaN,-7.61,-5.74,NaN,-3.89,-2.8,-0.399999999999999,1.63,2.55,NaN,NaN,6.09,NaN,NaN,8.82,10.69
-11.79,-7.39,NaN,-5.26,-3.71,-3.31,-0.18,NaN,2.63,3.96,5.12,6.1,NaN,7.6,8.77,10.69
NaN,-7.69,NaN,NaN,-3.82,-3.01,-0.219999999999999,1.62,2.57,4.01,5.14,6.63,NaN,NaN,8.91,NaN
-11.79,NaN,-6.43,-4.79,-4.11,-2.96,-0.280000000000001,NaN,2.48,4.04,NaN,NaN,7.26,NaN,8.89,10.69
-11.79,-7.48,NaN,-5.25,NaN,-3.05,NaN,NaN,2.6,4.06,NaN,NaN,NaN,7.91,NaN,NaN
NaN,-7.72,NaN,-5.14,NaN,-3,NaN,NaN,2.5,4.08,4.75,6.55,NaN,7.81,8.91,NaN
NaN,NaN,-6.31,-5.64,NaN,-2.78,-0.280000000000001,NaN,2.64,4.05,5.08,NaN,7.18,7.93,8.74,10.69
-11.79,-7.42,NaN,-5.27,NaN,-2.9,-0.309999999999999,NaN,2.55,3.92,5.17,6.69,NaN,7.74,8.84,NaN
NaN,-7.78,-6.27,-5.14,-3.82,-2.97,NaN,NaN,2.62,4.14,5.04,6.67,NaN,7.9,8.9,10.69
NaN,-7.68,-6.19,-4.92,-4.2,-2.58,-0.370000000000001,NaN,2.47,4.19,5.13,NaN,7.12,7.9,NaN,NaN
NaN,-7.56,-6.24,-5.1,NaN,-3.12,-0.219999999999999,NaN,2.62,3.96,5.18,6.53,NaN,7.98,8.87,10.69
-11.79,-7.75,-6.29,-5.18,-3.78,-2.52,-0.349999999999998,NaN,2.55,NaN,4.94,NaN,NaN,7.6,8.77,10.69
-11.79,-7.71,NaN,-5.27,-3.92,-2.51,-0.32,NaN,2.57,3.97,4.8,6.54,NaN,NaN,8.52,10.69
NaN,NaN,-6.11,-5.25,NaN,-2.89,-0.300000000000001,1.84,2.62,NaN,5.16,6.19,NaN,7.97,8.46,10.69
-11.79,-7.67,-6.21,-5.23,-3.81,-2.66,-0.25,NaN,2.52,4.06,4.82,6.19,7.23,7.94,8.55,10.69
-11.79,-7.67,-6.43,NaN,-3.98,-2.89,-0.259999999999998,NaN,2.49,NaN,NaN,6.05,7.16,7.95,8.87,10.69
-11.79,-7.66,-5.97,-4.87,NaN,-3.14,-0.34,NaN,2.59,NaN,5.13,6.2,7.31,NaN,8.79,10.69
NaN,-7.5,-5.79,NaN,-3.83,-2.54,NaN,1.8,2.49,3.98,5.16,6.48,NaN,NaN,8.82,10.69
NaN,-7.83,-5.9,-4.92,-4.07,-3.13,-0.309999999999999,1.76,2.57,NaN,4.8,6.56,NaN,8.03,NaN,10.69
-11.79,-7.58,NaN,-5.29,-3.74,-2.94,-0.419999999999998,NaN,2.61,4.02,5.11,6.63,NaN,7.93,NaN,NaN
-11.79,-7.43,-6.28,-5.22,NaN,-3.03,-0.27,1.5,2.56,3.64,5.06,NaN,7.12,8.33,NaN,10.69
-11.79,-7.69,-6.24,-5.19,NaN,-2.85,-0.239999999999998,NaN,2.54,NaN,4.94,6.23,NaN,7.88,8.57,NaN
NaN,-7.75,-6.41,-5.17,NaN,-3.01,-0.359999999999999,NaN,2.57,4.13,5.11,6.15,NaN,NaN,8.8,10.69
NaN,-7.77,-6.14,-4.97,NaN,-3.02,-0.289999999999999,1.85,2.49,NaN,4.91,6.2,NaN,NaN,8.65,10.69
-11.79,NaN,-6.21,-5.28,-3.85,-2.89,-0.199999999999999,NaN,2.61,4,4.88,6.32,NaN,8,8.39,10.69
-11.79,-7.61,-6.44,-5.24,-3.73,-3.09,-0.300000000000001,1.57,2.64,NaN,4.85,6.49,7.11,NaN,8.87,10.69
-11.79,NaN,NaN,-5.43,NaN,-2.88,-0.370000000000001,NaN,2.54,3.89,NaN,NaN,NaN,8.16,8.88,10.69
-11.79,-7.22,-5.78,NaN,-3.75,-3.05,-0.57,1.64,2.61,3.89,5.18,6.54,NaN,7.96,NaN,10.69
-11.79,-7.73,-6.42,-5.36,NaN,-3.05,-0.66,NaN,2.5,3.96,4.83,6.49,NaN,NaN,8.9,10.69
NaN,-7.44,NaN,-5.42,-3.97,NaN,-0.300000000000001,NaN,2.51,3.96,4.94,6.18,NaN,NaN,8.58,10.69
NaN,-7.72,-6.13,-4.81,-3.79,-3.08,NaN,1.71,2.57,3.89,5.18,6.32,NaN,7.93,NaN,NaN
-11.79,-7.67,-5.77,-5.22,NaN,-3.13,-0.34,1.68,2.47,4.09,NaN,NaN,7.21,NaN,8.91,10.69
-11.79,-7.4,NaN,-5.29,-3.68,-2.99,-0.34,NaN,2.48,4.29,NaN,6.11,NaN,7.83,8.72,NaN
-11.79,-7.62,-6.55,-5.29,NaN,-2.87,-0.32,2.04,NaN,NaN,5.17,6.16,NaN,7.89,8.76,10.69
-11.79,-7.69,-6.01,-5.17,NaN,-2.94,-0.210000000000001,1.64,2.59,3.99,4.94,6.16,7.26,NaN,8.67,10.69
-11.79,-7.71,-6.03,-4.94,-4.02,-2.99,-0.300000000000001,NaN,2.54,3.92,5.2,6.25,NaN,NaN,8.46,10.69
-11.79,-7.74,-6.36,-5.16,-4.02,-3.02,-0.57,NaN,2.54,NaN,5.16,6.62,NaN,8.34,8.88,10.69
-11.79,-7.63,NaN,-5.37,NaN,-3.04,-0.5,1.92,2.46,4,4.83,6.22,NaN,7.93,8.51,NaN
-11.79,NaN,-6.57,-5.25,-3.71,-2.88,-0.259999999999998,NaN,2.6,NaN,NaN,NaN,7.29,NaN,8.9,10.69
-11.79,NaN,-6.18,-5.22,-3.82,-2.84,-0.239999999999998,NaN,2.69,3.86,5.01,NaN,NaN,7.99,8.87,10.69
-11.79,NaN,-6.2,-5.05,-3.81,-3.07,-0.300000000000001,NaN,2.59,4.03,NaN,6.51,NaN,8.32,8.88,10.69
-11.79,-7.71,-6.3,-4.87,NaN,-3.01,-0.25,NaN,2.59,4.03,4.79,NaN,7.27,NaN,8.9,10.69
-11.79,-7.59,-6.27,-5.15,NaN,-3.1,-0.349999999999998,NaN,2.61,3.83,5.18,6.48,NaN,NaN,8.45,10.69
-11.79,-7.52,-6.4,-5.2,NaN,-2.97,NaN,NaN,2.62,4.09,NaN,NaN,6.8,NaN,8.9,10.69
-11.79,-7.68,NaN,-5.15,-3.92,-3.02,NaN,1.85,2.7,3.96,5.2,6.55,NaN,NaN,8.9,10.69
-11.79,-7.46,NaN,-5.3,-3.96,-2.96,-0.27,NaN,2.61,4.14,5.1,6.24,NaN,7.86,8.91,NaN
NaN,-7.86,-6,-4.91,-3.85,-2.92,-0.25,1.63,2.61,NaN,5.3,6.27,NaN,NaN,8.72,NaN
NaN,-7.54,NaN,-5.46,-3.72,-3.1,-0.349999999999998,1.33,2.52,4,4.85,6.11,7.3,NaN,8.84,10.69
-11.79,-7.38,NaN,-5.37,-4.13,-3.02,-0.370000000000001,1.76,2.54,3.94,5.02,6.42,NaN,7.92,NaN,NaN
NaN,-7.18,NaN,-5.26,-3.99,-2.94,-0.43,NaN,2.67,4.02,5.24,6.01,7.29,NaN,8.84,NaN
NaN,-7.68,-6.26,-5.02,-4.15,-2.99,-0.370000000000001,NaN,2.58,3.99,5.23,6.07,NaN,7.89,8.9,10.69
NaN,-7.78,-6.22,-5.14,-4.06,-3.07,-0.489999999999998,NaN,2.62,3.95,5.11,6.25,7.29,NaN,8.85,10.69
-11.79,-7.84,-6.19,-4.94,-3.79,-2.81,NaN,NaN,2.47,4.05,5.18,6.53,NaN,7.86,8.71,NaN
-11.79,-7.39,NaN,-5.32,NaN,-3.12,-0.309999999999999,1.74,2.59,NaN,4.81,6.29,NaN,NaN,8.58,10.69
-11.79,-7.81,-5.97,-5.14,NaN,-2.82,-0.370000000000001,1.57,2.52,3.99,5.16,6.18,7.16,7.96,NaN,10.69
-11.79,NaN,-6.48,-5.33,NaN,-2.73,NaN,NaN,2.54,NaN,5.27,6.42,NaN,8.01,8.87,10.69
-11.79,-7.72,NaN,-5.52,NaN,-2.85,NaN,NaN,2.6,NaN,5.19,6.12,7.18,NaN,8.84,10.69
-11.79,-7.44,-6.23,-5.2,-3.99,-3.09,-0.32,NaN,2.55,3.99,NaN,6.17,NaN,NaN,8.58,10.69
-11.79,-7.55,-5.82,-4.8,NaN,-2.83,-0.23,NaN,2.53,4.17,NaN,6.1,7.26,7.9,8.56,NaN
-11.79,-7.7,-6.19,-5.19,-3.75,-2.9,-0.27,NaN,2.56,3.93,5.11,6.33,NaN,7.84,8.6,NaN
-11.79,NaN,-6.42,-5.24,NaN,-3.12,-0.18,NaN,2.57,3.96,4.92,6.22,NaN,8.06,NaN,10.69
-11.79,-7.84,NaN,-5.71,NaN,-3.13,-0.419999999999998,1.79,2.79,3.99,NaN,6.59,NaN,7.9,8.9,10.69
-11.79,-7.53,NaN,-5.34,NaN,-2.79,-0.34,NaN,2.57,3.94,NaN,NaN,7.55,NaN,8.84,NaN
-11.79,-7.36,NaN,-5.25,-3.78,-3.18,-0.559999999999999,1.46,2.5,4,NaN,6.66,NaN,8.03,NaN,10.69
-11.79,-8.06,-6.15,-5.26,-4.04,-3.01,-0.27,NaN,2.49,NaN,4.9,NaN,7.26,8.01,8.8,10.69
-11.79,-7.71,-6.2,-5.08,-3.86,-3.03,-0.460000000000001,NaN,2.5,3.91,5.01,6.03,NaN,7.85,8.84,10.69
-11.79,-7.7,-6.28,-5.08,NaN,-3.08,NaN,NaN,2.56,3.94,4.86,NaN,7.26,NaN,8.9,10.69
-11.79,NaN,-6.31,-5.22,-3.77,NaN,-0.32,NaN,2.44,4.04,5.21,6.57,NaN,NaN,8.91,10.69
-11.79,-7.3,NaN,-5.43,-4.04,-2.9,-0.370000000000001,NaN,2.57,4.04,NaN,NaN,NaN,7.6,8.77,10.69
NaN,-7.66,-5.77,-5.1,-3.97,-3.04,-0.419999999999998,NaN,2.59,3.94,5.04,6.18,NaN,7.86,8.91,NaN
-11.79,NaN,-6.16,-5.35,-3.69,-2.53,-0.399999999999999,NaN,2.31,4.11,NaN,6.16,7.26,NaN,8.91,10.69
-11.79,-7.75,-6.16,-5.17,NaN,-3.13,-0.309999999999999,NaN,2.6,3.89,5.08,6.11,7.31,NaN,8.84,NaN
-11.79,-7.6,NaN,-5.25,NaN,-3.08,-0.210000000000001,1.71,2.6,4.04,NaN,NaN,7.26,NaN,8.91,NaN
-11.79,-7.58,-6.32,-5.33,NaN,-2.91,-0.34,NaN,2.58,3.99,5.2,6.51,NaN,NaN,8.72,NaN
NaN,NaN,-6.27,-5.23,NaN,-3.03,-0.32,NaN,2.56,NaN,4.71,6.06,7.22,NaN,8.72,NaN
-11.79,NaN,NaN,-5.45,-4.05,-2.97,-0.599999999999998,1.76,2.55,3.92,NaN,NaN,7.33,NaN,8.82,10.69
-11.79,-7.6,-5.94,NaN,-3.73,-2.66,-0.300000000000001,1.7,2.67,NaN,NaN,NaN,7.22,7.9,8.9,10.69
-11.79,NaN,-6.28,-5.24,NaN,-2.87,-0.199999999999999,NaN,2.57,NaN,5.08,6.64,NaN,7.86,8.71,NaN
-11.79,-7.69,-6.37,-5.28,NaN,-3.07,-0.23,1.83,2.67,3.86,4.96,6.17,7.22,7.84,8.6,NaN
-11.79,-7.56,-6,-5.21,-4.03,-2.99,-0.620000000000001,1.24,2.54,3.91,NaN,6.29,7.2,NaN,8.84,NaN
-11.79,-7.72,-6.07,-5.18,NaN,-3.08,-0.449999999999999,1.88,2.66,4,5.18,6.19,NaN,7.8,8.91,10.69
-11.79,-7.45,NaN,-5.65,NaN,-2.91,-0.34,1.83,2.54,NaN,5.11,6.27,NaN,NaN,8.45,10.69
-11.79,-7.46,-5.86,NaN,-4.13,-2.98,-0.289999999999999,1.75,NaN,4.09,NaN,6.55,NaN,7.9,NaN,NaN
-11.79,-7.57,-6.26,-4.79,-3.84,-3.09,-0.789999999999999,1.66,2.57,3.81,4.86,6.46,NaN,7.86,8.71,NaN
-11.79,-7.7,-6.24,NaN,-3.94,-3.05,-0.829999999999998,1.79,2.44,4.04,4.92,6.39,7.19,NaN,8.85,10.69
-11.79,-7.54,-6.41,-5.26,NaN,-2.65,-0.359999999999999,1.74,2.64,4.26,NaN,NaN,7.19,8.02,8.87,10.69
NaN,NaN,-6.22,NaN,-3.95,-3.03,-0.75,NaN,2.56,4.08,4.73,6.37,NaN,7.92,8.75,10.69
NaN,-7.99,-5.97,-5.15,NaN,-2.69,-0.210000000000001,NaN,2.55,NaN,4.6,6.47,NaN,8.01,8.43,10.69
-11.79,-7.35,-6.28,-5.33,-4.14,-3.14,-0.84,NaN,2.56,4.04,4.97,6.22,NaN,NaN,8.6,10.69
NaN,-7.67,-6.13,-5.21,-3.86,-2.98,-0.239999999999998,1.71,2.62,NaN,5.15,6.52,NaN,NaN,8.8,NaN
-11.79,-7.55,-5.92,-4.95,NaN,-3.18,-0.390000000000001,2.03,2.65,3.95,NaN,NaN,7.14,7.81,8.91,NaN
-11.79,NaN,NaN,-5.35,-4.05,-3.01,-0.329999999999998,NaN,2.61,NaN,5.17,6.29,NaN,NaN,8.82,10.69
-11.79,-7.83,NaN,-5.34,NaN,-3.09,-0.280000000000001,NaN,2.5,NaN,NaN,NaN,7.18,7.92,NaN,NaN
NaN,-7.68,-6.19,-5.22,-4.15,-3.04,-0.449999999999999,NaN,2.66,3.96,4.79,NaN,7.28,NaN,8.87,10.69
NaN,-7.65,NaN,-5.13,-4.19,-3.06,-0.300000000000001,1.67,2.6,3.85,4.98,6.04,7.12,NaN,8.8,10.69
-11.79,-7.22,NaN,-5.46,-3.8,NaN,-0.349999999999998,NaN,2.57,3.9,4.9,NaN,7.2,7.85,8.91,NaN
-11.79,NaN,-6.03,-5.28,-3.75,-2.99,-0.210000000000001,NaN,2.54,3.95,5.21,NaN,6.77,NaN,8.91,10.69
-11.79,NaN,NaN,-5.33,NaN,-3.14,NaN,NaN,2.6,3.91,4.81,NaN,NaN,8.16,8.87,10.69
-11.79,-7.61,-5.91,-5.22,-3.75,-2.81,-0.199999999999999,1.9,2.64,3.51,5.55,6.44,NaN,8.03,NaN,10.69
NaN,-7.69,-6.31,-5.21,-3.74,NaN,-0.23,NaN,2.48,NaN,NaN,6.13,NaN,7.9,8.9,10.69
-11.79,-7.48,NaN,-5.58,NaN,-3.13,-0.349999999999998,NaN,2.52,3.98,5.18,6.62,NaN,NaN,8.51,10.69
NaN,-7.75,-5.88,NaN,NaN,-3.19,-0.280000000000001,1.58,2.64,4.06,4.97,6.42,NaN,NaN,8.48,10.69
NaN,-7.69,-6.32,-5.54,-3.92,-3.08,-0.379999999999999,NaN,2.51,NaN,4.75,6.59,NaN,NaN,8.88,10.69
NaN,-7.76,-6.19,-5.05,-3.79,-2.87,-0.399999999999999,NaN,2.54,3.95,5.09,6.28,7.17,7.94,8.79,10.69
-11.79,NaN,-6.15,-5.14,-3.75,-3.01,NaN,1.94,2.64,4.15,5.1,6.5,NaN,NaN,8.82,10.69
-11.79,-7.44,-6.27,-5.26,NaN,-2.99,-0.419999999999998,1.7,2.57,NaN,4.8,6.05,7.32,7.8,8.84,10.69
-11.79,-7.76,-6.22,-5.15,NaN,-2.98,-0.75,NaN,2.51,3.92,5.16,6.6,NaN,NaN,8.49,10.69
-11.79,-7.64,-6.45,-5.2,NaN,-3.04,-0.32,1.54,2.56,3.91,4.85,6.32,NaN,NaN,8.82,10.69
NaN,NaN,NaN,-5.4,-3.93,-2.88,NaN,NaN,2.72,4.07,5.51,NaN,7.12,7.96,8.87,10.69
-11.79,NaN,-6.13,-5.33,NaN,-2.83,-0.57,1.73,2.52,NaN,5.13,NaN,7.19,7.96,8.87,10.69
NaN,NaN,NaN,-5.34,-3.93,-2.98,NaN,NaN,2.61,3.8,5.17,6.27,7.25,7.88,8.9,10.69
-11.79,-7.23,NaN,-5.22,-3.93,-2.91,-0.309999999999999,1.75,2.54,NaN,NaN,6.1,NaN,NaN,8.44,10.69
-11.79,-7.69,-5.85,-5.33,NaN,-3.08,-0.370000000000001,1.95,2.45,3.94,4.93,6.5,NaN,NaN,8.65,NaN
NaN,-7.74,NaN,-5.37,-3.83,-3.02,-0.41,1.66,2.54,4.18,5.19,6.34,7.1,NaN,8.91,NaN
NaN,NaN,-6.21,-4.87,-3.8,-2.54,-0.280000000000001,NaN,2.65,4.04,4.93,6.47,7.11,NaN,8.91,NaN
-11.79,-7.63,-6.36,-5.14,-3.68,-2.97,-0.809999999999999,NaN,2.69,NaN,5.28,6.74,NaN,7.88,8.91,NaN
-11.79,-7.46,-5.94,-5.26,NaN,-2.73,-0.23,NaN,2.54,4.13,NaN,6.08,7.25,NaN,8.47,10.69
-11.79,NaN,-6.28,-5.27,-3.75,-2.83,NaN,NaN,2.57,3.76,4.86,6.23,NaN,NaN,8.86,10.69
-11.79,-7.73,-5.99,-5.25,-3.73,-2.98,-0.32,NaN,2.53,NaN,NaN,6.68,NaN,NaN,8.9,10.69
-11.79,-7.81,-6.28,-5.06,NaN,-3.22,-0.43,NaN,2.61,NaN,5.21,6.27,7.52,NaN,8.91,NaN
NaN,-7.71,NaN,-5.31,NaN,-3.07,-0.370000000000001,1.64,2.62,3.96,4.77,6.7,NaN,NaN,8.9,10.69
-11.79,-7.79,-6.11,-5.2,NaN,-2.98,-0.379999999999999,NaN,2.53,3.98,5.04,6.46,NaN,NaN,8.51,10.69
NaN,-7.71,-5.92,-4.87,-3.9,-3.03,-0.210000000000001,1.94,2.72,NaN,NaN,NaN,7.25,8.03,NaN,10.69
NaN,-7.66,-6.03,-4.95,-4.2,-3.03,-0.440000000000001,1.66,2.64,4.05,5.09,6.1,7.31,NaN,8.73,NaN
-11.79,-7.53,-6.35,-5.27,-3.9,-2.68,-0.359999999999999,1.9,2.54,3.97,NaN,6.47,NaN,NaN,8.9,10.69
NaN,-7.42,NaN,-5.33,-4.22,-3.11,-0.259999999999998,NaN,2.67,4.01,5.07,6.4,NaN,NaN,8.82,10.69
-11.79,NaN,-6.3,-5.26,-3.92,-3.06,-0.390000000000001,NaN,2.54,NaN,5.1,6.14,7.16,7.93,8.54,10.69
-11.79,-7.49,-6.66,-5.24,-4.09,-3.08,-0.32,NaN,2.5,NaN,5.12,6.25,NaN,NaN,8.82,10.69
NaN,-7.7,-6.41,-5.38,-4.11,-3.06,NaN,NaN,2.55,4,NaN,6.17,NaN,NaN,8.6,10.69
-11.79,-7.39,NaN,-5.55,-3.81,-2.51,-0.390000000000001,NaN,2.26,4.15,NaN,NaN,NaN,NaN,8.41,10.69
NaN,-7.54,NaN,-5.66,-3.83,-2.94,-0.469999999999999,NaN,2.51,NaN,4.75,NaN,7.15,7.99,8.8,10.69
NaN,-7.82,-5.93,-5.1,-4.08,-3.11,-0.34,1.58,2.64,4.05,NaN,NaN,7.19,7.93,8.87,10.69
-11.79,-7.46,-6.2,-5.2,-4.05,-3.05,NaN,1.95,NaN,4.11,4.71,NaN,7.21,NaN,8.9,10.69
NaN,NaN,-6.07,-4.94,-3.8,-2.95,-0.280000000000001,NaN,2.55,3.97,5.16,NaN,7.14,NaN,8.88,NaN
NaN,-7.45,-6.07,-4.87,-3.9,-2.73,-0.25,NaN,2.58,3.97,NaN,NaN,7.25,7.98,8.87,10.69
NaN,-7.41,-5.74,NaN,-3.99,-2.92,NaN,1.64,2.62,4.02,4.93,6.21,NaN,7.88,8.57,NaN
-11.79,-7.5,-6.1,NaN,-4.06,-3.12,-0.390000000000001,1.41,2.67,3.94,5.41,NaN,7.29,NaN,8.85,10.69
-11.79,NaN,-6.34,-5.35,NaN,-2.94,NaN,NaN,2.45,4.07,5.2,NaN,7.23,NaN,8.46,10.69
-11.79,-7.59,-6.24,-5.33,-4.06,-2.95,-0.379999999999999,NaN,2.51,3.88,5.18,6.7,NaN,NaN,8.85,10.69
-11.79,NaN,-5.8,NaN,NaN,-3.24,-0.280000000000001,1.8,2.54,NaN,4.75,6.34,NaN,NaN,8.39,10.69
NaN,-7.53,-5.84,-5.32,-3.68,-2.61,NaN,1.69,2.65,4.02,NaN,6.3,NaN,NaN,8.77,10.69
-11.79,-7.46,-5.84,NaN,NaN,-3.37,-0.440000000000001,1.73,2.51,NaN,NaN,6.59,NaN,NaN,8.58,10.69
-11.79,-7.6,-6.18,-5.23,NaN,-3.03,NaN,NaN,2.64,4.05,NaN,6.68,NaN,7.87,8.9,10.69
-11.79,-7.49,-5.8,NaN,-3.97,-2.8,-0.309999999999999,NaN,2.54,3.98,5.17,6.18,NaN,8.06,NaN,10.69
-11.79,-7.83,-6.15,-4.87,-3.76,-2.9,-0.399999999999999,NaN,2.45,4.09,5.08,6.68,NaN,8.16,8.87,10.69
NaN,-7.75,-6.2,-5.35,NaN,-3.21,-0.210000000000001,NaN,2.54,4.05,NaN,NaN,7.25,7.98,8.87,10.69
-11.79,-8.05,-5.76,NaN,NaN,-3.16,-0.32,NaN,2.48,3.94,5.17,NaN,7.28,8.09,8.89,10.69
NaN,-7.7,NaN,NaN,NaN,-3.1,-0.32,NaN,2.6,4.08,5,6.28,NaN,NaN,8.53,10.69
NaN,-7.85,-5.87,-4.89,-3.91,-2.74,-0.329999999999998,NaN,2.54,4.04,5.22,NaN,7.15,NaN,8.91,NaN
NaN,-7.74,-6.59,NaN,NaN,-2.98,-0.32,1.97,2.59,3.74,NaN,NaN,7.27,NaN,8.91,NaN
NaN,-7.68,-6.11,NaN,-3.81,-2.84,-0.329999999999998,1.8,2.87,4.01,NaN,NaN,7.11,7.86,8.91,NaN
-11.79,NaN,-6.25,-5.24,-3.93,-2.99,-0.289999999999999,1.61,2.62,4.03,5.08,6.27,NaN,NaN,8.65,NaN
NaN,-7.77,-5.98,-5.17,NaN,-3.09,-0.349999999999998,1.75,2.57,4.07,5.13,6.25,NaN,NaN,8.56,10.69
-11.79,-7.31,-6.01,NaN,-4.16,-2.98,-0.309999999999999,NaN,2.57,3.95,5.23,6.35,NaN,8.08,NaN,10.69
-11.79,-7.56,NaN,-5.21,NaN,-3.08,-0.349999999999998,1.63,2.63,3.93,NaN,6.26,NaN,NaN,8.39,10.69
-11.79,-7.42,NaN,-5.48,-3.9,-2.9,-0.759999999999998,NaN,2.44,3.86,NaN,NaN,7.27,NaN,8.85,10.69
NaN,-7.72,-6.47,-5.4,-3.91,-2.74,NaN,NaN,2.51,4.09,5.09,6.17,NaN,8.16,8.87,10.69
-11.79,NaN,NaN,-5.26,-4.1,-3.05,NaN,1.67,2.61,3.94,5.12,6.67,NaN,NaN,8.86,10.69
NaN,-7.68,NaN,-5.23,NaN,-3,NaN,NaN,2.6,NaN,4.76,6.23,NaN,NaN,8.84,NaN
NaN,-7.64,-6.28,-5.15,NaN,-3.04,-0.309999999999999,1.9,2.63,4.05,NaN,6.3,NaN,NaN,8.72,NaN
-11.79,-7.6,-6.33,-5.28,NaN,-3.07,-0.329999999999998,2.01,2.64,4.09,NaN,NaN,7.31,NaN,8.91,NaN
-11.79,-7.81,NaN,-5.37,NaN,-3.19,-0.379999999999999,NaN,2.6,NaN,4.96,6.71,NaN,NaN,8.84,NaN
-11.79,-7.38,-6.36,-5.37,NaN,-2.8,-0.199999999999999,NaN,2.65,3.87,NaN,NaN,7.23,NaN,8.9,10.69
-11.79,-7.64,-6.17,-5.29,NaN,-3.35,-0.370000000000001,1.68,NaN,4.04,5.22,NaN,7.12,7.87,8.7,NaN
NaN,-7.96,-6.05,-5,NaN,-3.16,-0.359999999999999,NaN,2.61,4.04,NaN,6.3,7.31,NaN,8.9,10.69
-11.79,NaN,-6.2,-5.21,NaN,-3,-0.349999999999998,NaN,2.58,4.13,NaN,6.58,NaN,7.92,NaN,NaN
NaN,-7.79,-5.77,-4.91,-3.91,-3.04,-0.390000000000001,NaN,2.53,3.97,5.03,6.08,NaN,7.88,8.57,NaN
-11.79,NaN,-6.27,-5.2,-3.88,NaN,-0.23,1.62,2.68,NaN,NaN,6.11,NaN,7.85,8.91,NaN
NaN,-7.7,-6.36,-5.26,-4.02,-3.08,-0.199999999999999,1.78,2.59,NaN,4.76,6.2,7.25,7.92,8.56,10.69
NaN,-7.73,-6.24,-5.21,-3.89,-2.65,-0.359999999999999,NaN,2.57,4.05,5.09,NaN,7.26,7.91,8.85,10.69
-11.79,-7.76,-6.3,-5.15,NaN,-3.16,-0.259999999999998,1.95,2.67,4.09,NaN,NaN,7.26,NaN,8.9,10.69
-11.79,NaN,-6.14,-5.35,-3.7,-3,-0.259999999999998,NaN,2.49,NaN,5.17,6.04,7.24,NaN,8.81,10.69
NaN,-7.66,-6.23,-5.19,NaN,-3.15,NaN,1.62,2.55,3.95,NaN,6.39,NaN,8.16,8.88,10.69
-11.79,-7.62,-6.21,-5.27,-3.65,-3.01,-0.34,1.85,2.74,4.32,5.09,6.32,NaN,7.92,NaN,NaN
-11.79,-7.74,NaN,-5.35,-3.9,-3.09,-0.289999999999999,1.69,2.59,NaN,NaN,6.48,NaN,NaN,8.72,NaN
-11.79,NaN,-6.08,-5.22,-3.94,-2.94,-0.27,1.63,2.58,NaN,4.85,6.26,NaN,NaN,8.58,10.69
NaN,-8.08,-6.02,-5.16,NaN,-3.2,-0.419999999999998,NaN,2.53,NaN,5.14,NaN,6.95,7.86,8.9,10.69
NaN,-7.72,-6.11,-4.99,-3.77,-3.02,-0.32,1.89,2.66,3.95,NaN,NaN,7.13,NaN,8.84,NaN
-11.79,-7.57,-6.23,-5.2,NaN,-3.16,-0.48,NaN,2.39,4.08,5.19,6.43,NaN,NaN,8.85,10.69
-11.79,-7.49,-6.25,-5.26,NaN,-3.1,-0.82,1.74,2.62,4.09,5.2,NaN,7.17,7.96,8.87,10.69
NaN,-7.74,-5.97,-5.2,-3.87,-3.23,-0.440000000000001,1.71,2.59,4,5.1,6.31,NaN,NaN,8.85,10.69
-11.79,-7.53,-5.8,-5.01,NaN,-3.06,NaN,NaN,2.52,3.81,5.02,6.39,NaN,7.82,8.91,NaN
-11.79,-7.4,NaN,-5.51,-3.84,-2.84,-0.32,NaN,2.68,3.78,NaN,NaN,7.18,7.79,8.91,NaN
NaN,-7.73,-6.42,-5.23,-3.92,-2.8,-0.329999999999998,NaN,2.6,3.95,5.23,NaN,6.95,7.9,8.9,10.69
NaN,-7.49,-6,-5.21,NaN,-3.1,-0.550000000000001,1.98,NaN,NaN,5.18,NaN,NaN,7.9,NaN,NaN
-11.79,-7.74,-6.15,-5.31,-4.19,-3.03,-0.57,NaN,2.54,NaN,5.2,6.64,NaN,7.86,8.71,NaN
-11.79,-7.66,-6.35,-4.87,-3.89,-3.13,-0.300000000000001,1.56,2.52,3.89,5.15,6.69,NaN,NaN,8.91,10.69
NaN,-7.89,-6.3,-5.33,-4.08,-3.1,-0.27,NaN,2.52,NaN,5.52,6.57,NaN,7.86,8.91,NaN
-11.79,-7.73,-6.15,NaN,-3.91,-2.98,-0.390000000000001,1.73,2.47,4.07,NaN,6.54,NaN,NaN,8.53,NaN
NaN,-7.62,-6.24,-5.38,-3.85,-2.75,-0.289999999999999,1.6,2.58,4,5.44,NaN,7.12,8,8.87,10.69
-11.79,-7.39,-6.43,-5.26,-3.85,-2.87,-0.259999999999998,NaN,2.53,4.03,5.06,6.62,NaN,NaN,8.88,10.69
-11.79,-7.54,-6.15,-5.13,-3.91,-3.15,-0.169999999999998,1.63,2.57,3.64,4.89,6.12,NaN,NaN,8.53,NaN
NaN,NaN,-6.22,-5.17,-3.77,-3.04,-0.309999999999999,2,2.55,3.95,4.85,6.22,NaN,NaN,8.53,NaN
-11.79,-7.78,-6.11,-5.11,-3.83,-3.11,-0.370000000000001,1.69,2.58,NaN,5.13,6.27,NaN,7.84,8.6,NaN
NaN,-7.78,-6.06,-5.37,-4.02,-2.92,-0.34,NaN,2.57,4.05,4.88,6.43,NaN,NaN,8.9,10.69
-11.79,-7.69,-6.15,-5.14,NaN,-3.03,NaN,1.74,2.54,3.61,4.78,6.31,7.57,NaN,8.77,10.69
-11.79,NaN,NaN,-5.2,NaN,-3.1,-0.370000000000001,1.9,2.6,4.04,NaN,6.71,NaN,NaN,8.91,10.69
-11.79,-7.32,-6.26,-5.2,NaN,-3.09,NaN,NaN,2.47,4.03,5.19,6.68,NaN,NaN,8.89,10.69
-11.79,-7.55,-5.73,NaN,-3.89,-2.63,-0.32,NaN,2.63,3.9,NaN,6.15,7.56,NaN,8.81,10.69
NaN,-7.69,-6.01,NaN,-4.12,-2.59,-0.789999999999999,1.63,2.61,3.94,5.13,NaN,7.22,7.93,8.87,10.69
NaN,-7.69,-6.59,-5.4,-3.77,-2.95,-0.239999999999998,1.6,2.65,3.9,4.99,6.23,7.16,7.94,NaN,NaN
-11.79,-7.69,-5.82,-5.31,-3.79,-3.05,NaN,NaN,2.57,4.04,5.17,6.1,NaN,7.99,NaN,10.69
-11.79,NaN,-5.82,NaN,NaN,-2.99,-0.289999999999999,1.82,2.59,4.01,NaN,6.47,NaN,NaN,8.89,10.69
-11.79,-7.66,-6.28,-5.22,-3.79,-3.03,NaN,NaN,2.53,NaN,4.82,6.58,NaN,NaN,8.46,10.69
NaN,-7.51,-5.97,-5.31,-3.79,-3.06,-0.190000000000001,NaN,2.64,4.09,5.14,6.12,7.13,8.01,8.43,10.69
-11.79,NaN,-6.66,-5.37,NaN,-3.01,-0.329999999999998,NaN,2.56,NaN,NaN,6.37,NaN,7.93,NaN,NaN
-11.79,-7.61,NaN,-5.6,NaN,-3.03,-0.309999999999999,NaN,2.54,NaN,5.09,6.49,NaN,7.85,8.91,NaN
-11.79,NaN,-5.96,-5.14,-3.9,-3.04,-0.25,NaN,2.63,4.04,4.89,6.14,NaN,NaN,8.46,10.69
-11.79,-7.5,NaN,-5.59,NaN,-3.18,-0.59,1.73,2.58,4.02,5.15,NaN,7.26,NaN,8.87,10.69
-11.79,-7.46,-6.12,-5.07,-4.06,-2.98,-0.419999999999998,NaN,2.63,4.05,5.49,6.69,NaN,7.81,8.91,NaN
-11.79,-7.58,-6.15,-5.17,-4,-3,-0.280000000000001,1.62,2.65,NaN,5.11,6.24,NaN,7.84,8.6,NaN
NaN,-7.97,-6.16,-5.2,-3.83,-2.88,-0.300000000000001,NaN,2.49,NaN,5.02,NaN,7.2,NaN,8.9,10.69
-11.79,-7.43,-6.52,-5.18,-4,-3.14,-0.280000000000001,1.68,2.56,3.99,4.97,NaN,7.19,7.93,NaN,NaN
NaN,NaN,NaN,-5.45,-3.86,-3.13,-0.34,1.87,2.6,4.09,5.18,6.3,NaN,7.87,8.7,NaN
NaN,-7.78,NaN,-5.35,-4.02,-2.91,-0.280000000000001,1.65,2.54,NaN,5.14,6.16,7.26,NaN,8.9,10.69
NaN,-7.85,-5.78,-5.33,-3.95,-3.14,-0.25,NaN,2.56,NaN,4.91,NaN,NaN,7.82,8.91,NaN
NaN,-7.49,-6.22,-5.29,-3.94,-3.15,-0.329999999999998,NaN,2.65,3.97,5.17,6.62,NaN,7.93,8.51,NaN
-11.79,-7.55,-6.32,-5.29,NaN,-3.02,NaN,1.9,2.59,NaN,4.69,NaN,7.21,NaN,8.9,10.69
NaN,-7.74,-6.17,-4.84,-3.93,-3,-0.5,1.66,2.66,4.06,4.9,6.2,NaN,7.93,8.51,NaN
NaN,-7.62,NaN,-5.27,NaN,-3.22,-0.25,NaN,2.6,NaN,4.58,6.14,NaN,NaN,8.54,NaN
-11.79,-7.75,-6.27,-5.18,NaN,-3.2,-0.300000000000001,1.63,NaN,NaN,4.7,NaN,7.23,7.85,8.91,10.69
NaN,NaN,-6.28,-5.45,NaN,-3.05,-0.219999999999999,1.76,2.59,3.97,5.05,6.39,NaN,NaN,8.52,10.69
NaN,-7.6,NaN,-5.28,NaN,-3.13,NaN,1.56,2.64,4.01,4.86,6.38,7.21,NaN,8.87,10.69
-11.79,-7.57,-6.61,-5.24,-3.81,-3.02,-0.349999999999998,1.76,2.56,4.11,4.82,6.45,NaN,NaN,8.52,10.69
NaN,-7.76,NaN,-5.2,NaN,-3.09,-0.379999999999999,1.88,2.62,3.98,4.73,6.05,NaN,NaN,8.88,10.69
-11.79,-7.55,NaN,-5.32,NaN,-3.15,-0.32,NaN,2.53,NaN,NaN,6.4,NaN,NaN,NaN,NaN
-11.79,-7.3,-6.18,-5.17,-3.84,-2.77,-0.309999999999999,NaN,2.56,NaN,5.13,6.26,NaN,7.89,8.76,10.69
-11.79,-7.74,-6.46,-5,-3.86,-2.64,-0.309999999999999,1.73,2.65,3.97,5.24,6.21,7.16,7.92,NaN,10.69
-11.79,-7.7,NaN,-4.96,-3.95,-3.05,-0.32,1.68,2.71,4.04,5.2,6.41,NaN,8.03,NaN,10.69
NaN,-7.96,-6.15,-4.89,-3.71,NaN,-0.359999999999999,2.06,2.69,4.08,NaN,6.11,NaN,7.9,8.9,10.69
-11.79,-7.68,-6.28,-5.29,-3.85,-3.08,-0.359999999999999,NaN,2.61,NaN,5.01,6.28,NaN,7.58,8.6,10.69
-11.79,-7.52,-6.3,-5.26,-3.96,-2.86,-0.530000000000001,NaN,2.5,4.04,5.12,6.67,NaN,7.83,8.72,NaN
NaN,NaN,-6.28,-4.98,NaN,-2.96,NaN,NaN,2.55,4.04,4.91,6.16,7.15,NaN,8.85,10.69
-11.79,NaN,NaN,-5.27,-4.04,-3.15,-0.280000000000001,1.71,2.63,4.06,5.1,6.65,NaN,NaN,8.84,NaN
NaN,-7.46,-5.91,NaN,NaN,-3.22,-0.199999999999999,NaN,2.59,NaN,NaN,6.19,NaN,NaN,8.54,NaN
NaN,-7.7,NaN,-5.04,-3.99,-3.17,-0.32,1.67,2.57,4.05,5.19,6.28,NaN,8.35,8.88,10.69
-11.79,-7.61,NaN,-5.6,-3.64,-2.97,-0.210000000000001,1.64,2.57,NaN,4.69,6.38,NaN,NaN,8.52,10.69
-11.79,NaN,-6.3,-5.28,NaN,-3.07,-0.219999999999999,NaN,2.6,4.08,NaN,6.19,NaN,NaN,8.54,NaN
-11.79,-7.79,NaN,-5.46,NaN,-3.1,-0.460000000000001,NaN,2.54,3.96,5.05,6.57,NaN,NaN,8.51,10.69
NaN,-7.78,NaN,-5.5,-3.76,-2.96,-0.440000000000001,NaN,2.53,4.06,5.16,6.25,NaN,NaN,8.5,10.69
-11.79,NaN,NaN,-5.21,NaN,-2.88,-0.219999999999999,NaN,2.54,3.92,5.08,6.18,7.56,NaN,8.58,NaN
-11.79,-7.71,-6.27,-4.81,NaN,-3.07,-0.379999999999999,NaN,2.4,4.06,NaN,6.54,NaN,7.97,8.5,NaN
-11.79,-7.46,NaN,-5.4,NaN,-3.04,-0.329999999999998,2.03,NaN,3.94,5.14,6.24,NaN,NaN,8.58,10.69
-11.79,NaN,-5.75,NaN,-4.1,-3.15,-0.300000000000001,1.7,2.58,4.01,5.17,6.49,NaN,7.93,NaN,NaN
NaN,-7.77,-5.94,NaN,NaN,-3.2,-0.210000000000001,NaN,2.58,3.98,5.19,6.7,NaN,7.91,NaN,NaN
NaN,-7.9,-6.24,-5.24,-3.8,-2.79,-0.460000000000001,NaN,2.6,4.07,5.1,NaN,6.79,NaN,8.91,NaN
-11.79,-7.68,NaN,-5.55,-3.75,-2.79,-0.23,1.73,2.59,3.99,5.16,NaN,6.77,NaN,8.9,10.69
-11.79,NaN,-5.74,NaN,NaN,-3.14,-0.169999999999998,NaN,2.58,4.08,5.05,6.3,NaN,8.06,NaN,10.69
NaN,NaN,-6.39,-5.56,NaN,-2.82,-0.34,1.64,2.63,3.93,NaN,6.2,NaN,NaN,8.53,NaN
-11.79,-7.95,-6.18,-5.33,-3.84,-2.65,-0.280000000000001,NaN,2.61,NaN,5.01,6.14,7.28,7.91,8.58,10.69
-11.79,-7.57,-6.24,-5.29,NaN,-3,-0.359999999999999,1.67,NaN,NaN,5.14,6.38,NaN,7.88,8.7,NaN
-11.79,-7.62,-6.55,-5.43,-3.73,-3.17,-0.329999999999998,NaN,2.59,4.14,5.06,6.1,7.25,NaN,8.47,10.69
-11.79,-7.64,NaN,-5.25,NaN,-3.16,-0.259999999999998,NaN,2.52,4.03,4.99,6.18,7.2,NaN,8.8,NaN
-11.79,NaN,NaN,-5.37,NaN,-3.07,-0.43,NaN,2.53,3.99,4.68,6.22,NaN,NaN,8.77,10.69
NaN,-7.82,-5.99,-5.21,-4.2,-3.02,NaN,NaN,2.56,3.74,5.12,6.11,NaN,NaN,8.39,10.69
NaN,-7.77,-6.22,-5.07,-3.82,-2.83,-0.27,2,2.56,4.05,4.79,6.3,NaN,7.95,8.51,NaN
-11.79,-7.33,-5.86,-5.32,NaN,-3.12,-0.34,1.89,2.75,3.88,5.11,6.23,NaN,NaN,8.8,10.69
NaN,NaN,-6.22,NaN,-4.18,-3.06,-0.57,1.72,2.51,3.77,5.12,6.39,NaN,8.03,NaN,10.69
NaN,NaN,-6.2,-5.25,NaN,-3.22,-0.390000000000001,1.66,2.64,NaN,4.94,6.13,NaN,NaN,8.9,10.69
-11.79,NaN,-6.22,-5.21,-3.67,-2.51,-0.27,1.69,2.62,NaN,5.23,6.12,NaN,7.92,NaN,NaN
-11.79,-7.7,NaN,-5.37,NaN,-2.88,-0.379999999999999,NaN,2.57,4.02,5.14,6.21,NaN,NaN,8.77,10.69
-11.79,-7.57,-6.26,-5.25,NaN,-3.03,-0.32,NaN,2.63,3.89,4.86,6.54,NaN,7.92,NaN,NaN
-11.79,-7.66,-6.56,-5.33,NaN,-3.07,-0.239999999999998,NaN,2.62,3.87,5.18,6.33,NaN,7.9,NaN,NaN
-11.79,-7.41,NaN,-5.43,NaN,-3.08,-0.23,NaN,2.63,NaN,5.21,NaN,6.99,NaN,8.9,10.69
NaN,-7.69,-5.95,-4.85,-3.81,-2.94,-0.25,NaN,2.67,4.04,NaN,NaN,7.2,7.91,8.9,10.69
-11.79,-7.57,-6,-5.15,NaN,-3,-0.530000000000001,1.65,2.67,4.03,5.28,NaN,NaN,7.91,NaN,NaN
-11.79,-7.53,-6.18,-5.45,-3.85,-2.81,NaN,NaN,2.53,3.96,4.84,6.25,NaN,8.03,NaN,10.69
-11.79,NaN,NaN,-5.54,NaN,-2.86,-0.399999999999999,1.25,2.66,4.03,5.03,6.56,NaN,NaN,8.47,10.69
NaN,-7.78,-6.48,-5.19,NaN,-2.89,-0.359999999999999,1.66,2.48,3.62,4.89,6.26,NaN,NaN,8.77,10.69
-11.79,-7.4,-6.25,NaN,-3.86,-2.88,NaN,NaN,2.64,4.05,5.1,6.16,NaN,NaN,8.58,10.69
-11.79,-7.72,NaN,-5.47,-3.57,NaN,-0.41,NaN,2.57,4.07,5.18,6.49,NaN,NaN,8.73,NaN
NaN,-7.66,NaN,-5.64,-3.92,-2.91,-0.32,NaN,2.6,4.14,5.22,6.21,NaN,7.91,8.74,10.69
-11.79,-7.7,NaN,-5.31,-3.97,NaN,-0.34,NaN,2.55,3.97,5.21,NaN,7.17,7.85,8.91,10.69
-11.79,-7.7,-6.37,-5.21,-3.91,-2.81,-0.280000000000001,NaN,2.57,4.06,4.77,NaN,7.28,7.92,8.76,10.69
-11.79,-7.2,-6.14,-5.3,NaN,-3.14,-0.349999999999998,1.7,2.68,4,5.16,6.36,NaN,NaN,8.91,NaN
-11.79,-7.67,-6.15,-5.21,NaN,NaN,-0.27,NaN,2.62,4.07,NaN,NaN,7.26,7.89,8.65,NaN
-11.79,-7.49,NaN,-5.44,-3.69,-3.14,-0.379999999999999,1.6,2.65,4.1,5.09,6.24,NaN,7.98,8.48,10.69
-11.79,-7.44,NaN,-5.44,-3.99,-2.63,-0.239999999999998,1.83,2.61,4.06,NaN,NaN,7.22,NaN,8.84,10.69
NaN,-7.57,-5.93,-5.12,-3.99,-3.14,-0.27,NaN,2.56,4.12,NaN,NaN,7.28,8.09,8.89,10.69
NaN,-7.7,-6.31,-5.29,NaN,-2.96,-0.280000000000001,NaN,2.58,4.03,5.18,6.08,NaN,NaN,8.77,10.69
-11.79,-7.71,-6.25,-5.09,NaN,-3.19,NaN,NaN,2.56,3.9,5.11,NaN,7.19,8.04,8.8,10.69
-11.79,-7.54,-6.22,NaN,-3.83,-2.98,-0.43,NaN,2.67,4.06,4.96,6.14,7.15,NaN,8.53,10.69
-11.79,NaN,NaN,-5.33,-4.17,NaN,-0.41,1.68,2.55,3.92,5.02,6.22,7.54,NaN,8.72,NaN
-11.79,-7.73,-5.9,-5.13,-4.03,-2.83,-0.27,NaN,2.64,4.03,4.6,NaN,NaN,8,8.39,10.69
-11.79,NaN,-6.22,-5.1,NaN,-3,-0.370000000000001,1.88,2.63,NaN,NaN,6.63,NaN,NaN,8.89,10.69
-11.79,-7.6,-6.3,NaN,-4,-2.95,-0.309999999999999,1.57,2.59,4.05,4.83,NaN,7.19,7.92,NaN,10.69
-11.79,-7.48,-6.35,-4.8,NaN,-3.11,-0.309999999999999,1.65,2.62,4,NaN,NaN,7.24,7.96,8.8,10.69
-11.79,-7.41,-5.91,-4.84,NaN,-3.18,-0.669999999999998,NaN,2.61,4.08,NaN,6.27,NaN,NaN,8.8,10.69
-11.79,-7.57,NaN,-5.3,-3.69,-2.8,-0.219999999999999,NaN,2.57,3.99,4.97,6.31,7.12,NaN,8.84,NaN
NaN,-7.58,-5.75,NaN,-3.99,-2.93,-0.25,NaN,2.55,NaN,4.8,6.08,NaN,8.06,NaN,10.69
-11.79,-7.25,-6.15,-5.25,-3.81,-3.06,-0.239999999999998,NaN,2.52,4.21,5.55,NaN,7.27,NaN,8.74,10.69
-11.79,NaN,-5.85,-5.33,-4.05,-2.98,-0.289999999999999,NaN,2.54,NaN,NaN,6.14,7.15,NaN,8.91,10.69
NaN,NaN,NaN,-5.36,NaN,-3.2,-0.190000000000001,NaN,2.41,3.97,5.12,6.65,NaN,7.92,NaN,NaN
NaN,-7.58,-6.09,NaN,NaN,-3.18,-0.300000000000001,1.58,2.49,NaN,5.21,6.18,NaN,7.87,8.9,10.69
-11.79,-7.78,NaN,-5.43,NaN,-3.11,-0.210000000000001,1.92,2.65,4.1,NaN,6.54,NaN,8.01,8.87,10.69
-11.79,NaN,-6.26,-5.37,NaN,-3.15,-0.359999999999999,1.91,2.7,3.98,NaN,6.17,NaN,NaN,8.46,10.69
-11.79,-7.59,-6.39,-5.28,-4.1,-3.11,NaN,NaN,2.55,3.65,4.61,6.15,7.22,NaN,8.58,10.69
-11.79,NaN,-6.01,NaN,NaN,-3.02,NaN,NaN,2.46,4.11,5.03,6.56,NaN,7.97,NaN,10.69
-11.79,-7.37,NaN,-5.46,NaN,-3.09,-0.219999999999999,NaN,2.54,4.03,5.22,NaN,7.31,NaN,8.73,NaN
NaN,-7.65,-6.07,-5.14,NaN,-3.04,-0.379999999999999,1.92,2.73,3.86,5.19,6.35,NaN,NaN,8.85,10.69
NaN,-7.59,-6.27,-5.26,NaN,-2.98,-0.419999999999998,NaN,2.62,3.97,5.01,NaN,NaN,NaN,8.88,10.69
-11.79,NaN,-6.22,-4.79,NaN,-3.13,-0.300000000000001,1.93,2.63,3.99,5.15,NaN,7.11,7.91,8.9,10.69
NaN,-7.45,-6.18,-5.15,-3.81,-3.02,-0.609999999999999,1.61,2.7,4.04,5.24,6.15,NaN,8.06,NaN,10.69
-11.79,-7.25,NaN,-5.49,-3.99,-2.89,-0.280000000000001,1.96,2.78,3.97,5.16,6.44,NaN,NaN,8.9,10.69
NaN,-7.69,-6.5,-5.17,NaN,-3.12,NaN,1.59,2.55,4.16,5.18,6.56,NaN,NaN,8.9,10.69
-11.79,-7.41,-6.1,-4.89,-3.72,-2.92,-0.27,NaN,2.6,3.78,5.1,5.84,7.26,NaN,8.8,10.69
NaN,NaN,-6.08,NaN,NaN,-3.04,-0.34,NaN,2.55,3.82,5.03,NaN,NaN,NaN,NaN,NaN
-11.79,-7.8,-6.26,-5.4,-3.97,-3.06,NaN,NaN,2.56,3.97,5.18,6.16,7.12,NaN,8.49,10.69
NaN,-7.73,-6.22,-5.3,NaN,-3.01,-0.48,NaN,2.59,NaN,5.01,6.6,NaN,NaN,8.72,NaN
NaN,-7.84,-6.39,NaN,-3.91,-2.81,-0.34,NaN,2.76,3.9,4.93,6.18,NaN,NaN,8.45,10.69
-11.79,-7.47,NaN,-5.22,NaN,-3.11,-0.239999999999998,1.64,2.59,NaN,NaN,NaN,7.24,7.86,8.91,10.69
-11.79,-7.58,-6.66,-5.43,-4.07,-3.1,NaN,NaN,2.54,NaN,4.8,6.65,NaN,NaN,8.87,10.69
-11.79,-7.74,-6.03,-5.24,-4.03,-3.07,-0.559999999999999,1.72,2.62,3.61,NaN,NaN,7.23,NaN,8.45,10.69
-11.79,-7.43,-6.23,-5.27,-4.06,-2.74,-0.18,NaN,2.51,3.96,NaN,6.33,NaN,NaN,8.75,10.69
NaN,-7.38,NaN,-5.42,NaN,-3.09,-0.460000000000001,NaN,2.5,4.34,NaN,NaN,NaN,7.91,NaN,NaN
NaN,-7.57,NaN,-5.43,-3.81,-3.2,-0.399999999999999,NaN,2.6,4.17,NaN,6.17,7.12,NaN,8.64,10.69
-11.79,-7.54,-6.32,-5.28,-3.95,-2.66,-0.509999999999998,NaN,2.61,4.15,NaN,6.24,NaN,NaN,8.9,10.69
-11.79,-7.36,-5.94,-5.39,-3.72,-2.81,NaN,NaN,2.51,3.93,5.18,6,7.22,7.81,8.91,NaN
NaN,NaN,-6.32,-5.22,-3.96,-2.97,NaN,1.68,2.59,4.07,4.8,6.17,7.24,NaN,8.84,NaN
NaN,-7.59,-6.19,NaN,-3.86,-3.13,-0.280000000000001,NaN,2.53,NaN,NaN,6.3,7.18,NaN,8.83,NaN
-11.79,-7.75,-6.2,-5.2,NaN,-3.05,NaN,1.86,2.61,NaN,5.11,NaN,7.25,7.95,8.76,10.69
-11.79,NaN,NaN,-5.45,-3.94,-2.95,-0.34,1.65,2.65,4.07,NaN,6.57,NaN,7.82,8.91,NaN
-11.79,-7.28,NaN,-5.33,-3.93,-3.06,-0.32,1.62,2.6,4.02,5.06,6.27,NaN,NaN,8.45,10.69
-11.79,-7.47,NaN,-5.27,-3.85,-2.99,-0.309999999999999,1.76,2.62,4.05,4.89,NaN,7.2,NaN,8.91,10.69
-11.79,-7.62,-6.21,-5.26,-3.88,-2.91,-0.649999999999999,NaN,2.56,4.04,NaN,6.43,NaN,NaN,8.53,10.69
-11.79,NaN,-6.33,-5.25,-3.79,-2.99,-0.84,NaN,2.56,3.95,4.85,NaN,7.18,8.05,8.9,10.69
-11.79,NaN,-6.23,-5.22,-3.94,-3.04,-0.239999999999998,1.82,2.71,4.1,5.09,6.35,NaN,7.9,NaN,NaN
-11.79,-7.72,-5.96,-5.02,NaN,-3.07,-0.489999999999998,1.84,NaN,3.97,4.81,6.42,NaN,NaN,8.91,NaN
NaN,-7.22,-5.75,NaN,-3.91,NaN,-0.309999999999999,NaN,2.61,4.04,5.14,6.08,7.28,7.84,8.6,NaN
NaN,-7.42,-6.07,-5.22,-3.84,-2.75,-0.300000000000001,2.09,2.6,4.07,4.78,6.27,NaN,NaN,8.49,10.69
-11.79,-7.63,-6.14,-5.18,-3.64,NaN,-0.460000000000001,NaN,2.5,4.15,5.17,6.65,NaN,7.97,8.87,10.69
NaN,-7.66,-6.13,-5.29,NaN,-2.91,-0.23,NaN,2.6,3.93,5.18,6.68,NaN,8.16,8.87,10.69
-11.79,-7.61,NaN,-5.28,-3.81,-2.93,-0.259999999999998,NaN,2.52,3.73,4.87,6.2,NaN,NaN,8.48,10.69
-11.79,NaN,NaN,-5.57,NaN,-2.99,-0.199999999999999,1.63,2.63,4.01,5.25,NaN,NaN,7.92,NaN,NaN
-11.79,NaN,-6.13,NaN,NaN,-3.05,-0.199999999999999,1.24,2.44,4.05,4.75,5.85,7.29,NaN,8.84,NaN
-11.79,-7.7,-6.17,-5.23,NaN,-2.97,NaN,1.86,2.57,4.01,5.16,6.36,NaN,7.79,8.91,NaN
-11.79,-7.41,NaN,-5.5,-3.97,NaN,-0.25,1.67,NaN,3.92,5.13,6.26,NaN,NaN,8.58,10.69
-11.79,-7.5,-6.09,-5.18,NaN,-3.14,-0.390000000000001,NaN,2.64,4,5.11,NaN,7.26,NaN,8.87,NaN
NaN,-7.62,-6.19,NaN,-4.08,-3.09,-0.370000000000001,NaN,2.55,3.74,5.25,6.63,NaN,7.98,8.89,10.69
-11.79,NaN,-6.14,-4.88,-4.07,-3.07,-0.219999999999999,NaN,2.66,4.03,5.35,6.57,NaN,7.92,NaN,NaN
NaN,-7.7,-6.29,-5.21,-3.78,-2.91,-0.199999999999999,NaN,2.5,4.23,5.19,6.08,NaN,NaN,8.88,10.69
NaN,-7.65,-6.09,NaN,-4.09,-2.91,-0.25,NaN,2.66,3.92,4.7,NaN,7.2,7.92,NaN,NaN
-11.79,-7.69,-6.12,-5.16,NaN,-2.9,-0.289999999999999,1.98,2.58,3.95,5.08,6.4,NaN,7.91,NaN,NaN
-11.79,-7.61,-6.35,-5.46,NaN,-2.96,-0.210000000000001,NaN,2.62,NaN,4.79,NaN,7.12,7.98,NaN,10.69
NaN,-7.43,-5.9,-5.3,-3.68,-2.91,-0.300000000000001,NaN,2.62,4.25,NaN,6.34,NaN,NaN,8.91,10.69
-11.79,NaN,-5.85,NaN,-3.9,-2.87,-0.349999999999998,NaN,2.5,NaN,NaN,NaN,7.17,7.92,NaN,NaN
-11.79,-7.47,-5.81,-5.4,-3.99,-2.94,-0.280000000000001,NaN,2.53,NaN,4.76,6,7.23,NaN,8.87,10.69
-11.79,-7.61,-6.17,-5.36,-3.79,-2.68,-0.440000000000001,NaN,2.62,3.81,NaN,6.09,7.21,NaN,8.8,10.69
-11.79,-7.72,-6.23,-5.26,-3.76,-3.05,-0.469999999999999,1.76,NaN,NaN,NaN,6.61,NaN,7.91,NaN,NaN
-11.79,-7.58,-6.35,-5.32,-3.9,-3.01,-0.329999999999998,NaN,2.55,4.05,5.06,NaN,7.23,8.02,8.41,10.69
-11.79,-7.4,NaN,-5.34,-3.8,-3.03,-0.440000000000001,1.62,2.67,3.99,5.2,6.15,NaN,7.9,8.76,10.69
-11.79,-7.42,-6.21,-5.28,-3.86,-3.07,-0.280000000000001,NaN,2.52,4.03,5.08,6.58,NaN,8,8.87,10.69
-11.79,-7.58,-5.87,-4.9,NaN,-3.11,-0.349999999999998,NaN,2.53,3.81,4.98,6.63,NaN,7.85,8.91,NaN
-11.79,-7.47,-6.28,-5.28,NaN,-3.09,-0.41,NaN,2.53,4.1,5.16,6.58,NaN,NaN,8.91,NaN
-11.79,-7.57,-6.28,-5.36,-4.33,-2.92,-0.43,NaN,2.55,3.97,5.23,NaN,7.2,7.88,8.69,NaN
NaN,-7.72,-6.24,-5.18,NaN,-2.97,-0.449999999999999,NaN,2.58,NaN,4.71,6.28,NaN,NaN,8.84,NaN
NaN,-7.61,-5.95,NaN,-3.93,-3.14,-0.259999999999998,1.77,2.82,3.95,4.93,6.24,NaN,NaN,8.46,10.69
-11.79,-7.53,-6,-5.06,NaN,-2.97,NaN,NaN,2.57,4.08,5.16,6.13,NaN,NaN,8.52,10.69
-11.79,-7.47,-6.26,-5.21,-3.87,-3.1,NaN,2.07,2.63,4.03,NaN,6.26,NaN,NaN,8.77,10.69
NaN,-7.54,NaN,-5.27,NaN,-3.05,-0.379999999999999,NaN,2.6,NaN,4.98,NaN,7,NaN,8.8,10.69
-11.79,-7.59,-6.26,-5.23,-3.9,-2.99,-0.379999999999999,NaN,2.55,4.2,5.15,6.04,NaN,NaN,8.8,10.69
NaN,NaN,-6.32,-5.14,-3.73,-2.94,-0.359999999999999,1.92,2.65,3.85,5.21,NaN,7.13,7.92,NaN,NaN
NaN,-7.71,-6.24,-5.07,-3.84,-2.9,-0.390000000000001,1.79,2.6,4.08,4.86,6.22,7.21,NaN,8.6,10.69
NaN,NaN,-6.35,-5.22,-3.73,-2.87,-0.27,1.64,2.53,NaN,4.85,NaN,7.24,7.86,8.84,10.69
-11.79,-7.57,-6.03,-4.93,-3.89,-2.59,-0.460000000000001,1.7,2.64,4.03,5.04,6.12,7.28,7.86,8.57,NaN
-11.79,-7.71,-6.31,-4.89,NaN,-3.1,NaN,NaN,2.54,3.97,NaN,6.17,7.26,NaN,8.84,10.69
-11.79,NaN,-6.15,-5.38,-3.82,-3.16,-0.399999999999999,1.68,NaN,NaN,5.17,6.56,NaN,7.97,NaN,10.69
-11.79,-7.73,-5.89,NaN,NaN,-3.12,-0.370000000000001,NaN,2.55,4.07,5.16,NaN,7.19,7.9,8.9,10.69
-11.79,-7.68,-6.29,-5.33,NaN,-3.04,-0.77,1.58,2.66,3.98,5.29,NaN,NaN,7.92,NaN,NaN
-11.79,-7.34,-5.88,-4.84,NaN,-2.88,-0.359999999999999,NaN,2.59,4.05,5.11,6.06,NaN,7.91,8.75,10.69
-11.79,-7.22,NaN,-5.16,-3.98,-2.95,-0.210000000000001,NaN,2.5,NaN,NaN,6.3,7.19,7.9,8.9,10.69
-11.79,-7.19,NaN,-5.43,-3.96,-2.97,-0.449999999999999,NaN,2.56,3.97,NaN,6.35,NaN,NaN,8.82,10.69
NaN,-7.67,-6.28,-4.98,NaN,-3.1,-0.27,1.69,2.57,4.02,4.98,6.27,NaN,NaN,8.54,NaN
NaN,NaN,-6.47,-5.29,NaN,-2.98,-0.239999999999998,NaN,2.55,3.88,5.24,6.69,NaN,8,8.89,10.69
-11.79,-7.46,NaN,-5.5,-3.73,-2.99,-0.399999999999999,2.06,2.66,NaN,4.75,6.2,NaN,7.92,8.76,10.69
-11.79,-7.37,NaN,-5.39,-4.08,-2.95,-0.199999999999999,1.69,2.7,3.99,4.96,NaN,7.22,NaN,8.64,NaN
NaN,-7.63,NaN,-5.22,NaN,-2.73,NaN,NaN,2.49,NaN,5.04,6.33,NaN,NaN,8.45,10.69
-11.79,-7.47,-6,NaN,-3.89,-3.1,-0.469999999999999,1.53,2.68,3.98,5.16,6.26,7.23,NaN,8.84,NaN
-11.79,-7.57,NaN,-5.35,-3.65,NaN,-0.34,NaN,2.6,4.11,5.22,6.08,NaN,8,8.39,10.69
-11.79,-7.38,-6.31,-4.88,-4,-3.24,-0.349999999999998,NaN,2.52,3.62,5.17,6.62,NaN,7.93,8.89,10.69
-11.79,-7.58,-5.94,NaN,-3.77,-3.01,-0.300000000000001,NaN,2.61,4.03,NaN,NaN,NaN,NaN,8.54,NaN
NaN,-7.58,-6.29,-5.22,-3.93,-2.96,-0.289999999999999,NaN,2.57,3.95,NaN,6.4,NaN,8,8.87,10.69
NaN,NaN,NaN,-5.29,NaN,-3.19,-0.34,NaN,2.55,3.95,4.92,6.17,NaN,7.92,8.76,10.69
-11.79,-7.67,-6.26,-5.28,-3.89,-2.76,-0.460000000000001,1.66,2.74,4.05,NaN,6.53,NaN,8.16,8.87,10.69
-11.79,-7.63,-6.17,-5.32,NaN,-3.04,-0.259999999999998,NaN,2.56,3.91,5.21,6.58,NaN,NaN,8.77,10.69
NaN,-7.75,-6.42,-5.14,-3.8,-2.71,-0.390000000000001,1.61,2.51,NaN,NaN,6.22,NaN,NaN,8.49,10.69
-11.79,-7.26,NaN,-5.1,NaN,-3.17,-0.57,1.64,NaN,4.01,5.15,6.18,NaN,7.92,8.51,10.69
NaN,-7.58,-6,NaN,-4.02,-3.07,-0.5,NaN,2.57,3.9,4.96,6.31,NaN,NaN,8.44,10.69
-11.79,-7.31,NaN,-5.45,NaN,-3.08,-0.32,1.76,2.64,4.09,4.93,6.35,NaN,NaN,8.85,10.69
NaN,-7.55,-5.92,-5.03,-3.68,-2.91,-0.329999999999998,NaN,2.49,4.15,5.14,6.2,NaN,NaN,8.77,10.69
-11.79,NaN,NaN,-5.32,-3.88,-3.04,-0.219999999999999,NaN,2.6,3.9,4.71,6.31,NaN,7.9,NaN,NaN
-11.79,NaN,-6.14,-5.25,-3.75,-3.07,NaN,1.62,2.61,3.93,5.12,6.15,7.23,NaN,8.53,NaN
NaN,-7.57,NaN,-5.66,-3.78,-3.05,-0.23,1.6,2.61,3.92,5.13,6.19,NaN,NaN,8.77,10.69
NaN,-7.77,-5.84,-4.89,NaN,NaN,NaN,NaN,2.63,NaN,5.21,6.2,NaN,NaN,8.41,10.69
NaN,NaN,-5.95,-5.21,-3.81,-3.11,-0.449999999999999,NaN,2.61,NaN,5.22,NaN,NaN,7.98,8.87,10.69
-11.79,-7.69,NaN,-5.38,NaN,-3.03,-0.649999999999999,NaN,2.58,NaN,4.87,NaN,7.22,7.98,NaN,10.69
NaN,-7.59,-6.11,-4.9,-3.78,-2.84,-0.82,NaN,2.51,3.85,NaN,6.31,NaN,7.58,8.9,10.69
-11.79,-7.61,-6.38,NaN,-4.03,-2.63,-0.390000000000001,1.56,2.52,3.91,5.16,6.01,NaN,7.9,NaN,NaN
NaN,NaN,-6.02,-5.21,NaN,-3.11,-0.25,1.97,2.55,NaN,5.11,6.7,NaN,NaN,8.91,10.69
NaN,-8.08,-6.49,-5.34,NaN,-3,-0.259999999999998,NaN,2.58,3.95,5.12,6.17,7.25,7.86,8.71,NaN
-11.79,-7.38,-6.28,-5.3,NaN,-3.08,-0.599999999999998,1.26,2.53,NaN,NaN,6.26,NaN,NaN,8.65,NaN
-11.79,-8.07,-6.27,-5.45,NaN,-2.63,-0.359999999999999,1.6,2.63,NaN,5.27,6.41,NaN,7.97,8.87,10.69
-11.79,-7.75,-5.97,-5.02,-3.75,-2.95,NaN,1.25,2.5,4.04,5.02,6.11,7.26,NaN,8.61,NaN
-11.79,-7.31,NaN,-5.52,-4.14,-2.9,-0.509999999999998,1.51,2.64,3.95,5.04,6.22,NaN,NaN,8.86,10.69
-11.79,NaN,NaN,-5.54,-3.89,-2.95,-0.419999999999998,1.97,2.69,4.11,5.18,NaN,7.12,8,8.87,10.69
-11.79,-7.62,-6.44,-5.28,-3.99,-3.08,-0.710000000000001,1.94,2.72,3.93,5.19,NaN,7.17,7.94,NaN,NaN
-11.79,-7.52,NaN,-5.34,-3.97,-2.93,-0.329999999999998,NaN,2.56,3.99,5.13,6.16,NaN,NaN,8.57,10.69
-11.79,-7.51,-6.14,-5.21,-4.26,-3.06,-0.309999999999999,1.61,2.63,NaN,5.35,6.66,NaN,NaN,8.89,10.69
NaN,-7.66,-6.29,-5.22,-3.87,-3.11,-0.300000000000001,1.56,2.6,3.98,5.24,6.69,NaN,7.89,8.9,10.69
-11.79,-7.23,-6.18,-5.28,-3.78,-2.7,-0.41,NaN,2.49,4.04,5.24,NaN,NaN,7.91,NaN,NaN
-11.79,NaN,-6.17,-5.29,-4.04,-2.9,-0.259999999999998,NaN,2.61,4.04,NaN,6.2,NaN,NaN,8.77,10.69
-11.79,NaN,NaN,-5.34,-4.21,-3.08,-0.509999999999998,1.86,2.7,4,5.12,6.57,NaN,NaN,8.73,NaN
-11.79,-7.33,NaN,-5.57,-3.97,-3.08,-0.210000000000001,NaN,2.53,3.97,5.44,NaN,7.24,8.02,8.87,10.69
-11.79,-7.58,NaN,-5.36,-3.78,-2.88,-0.329999999999998,NaN,2.63,3.94,NaN,NaN,7.31,NaN,8.84,NaN
NaN,-7.62,-6.21,-5.19,NaN,-3.11,-0.349999999999998,NaN,2.53,3.99,4.98,6.21,NaN,NaN,8.61,10.69
NaN,-7.74,-5.81,-5.03,NaN,-3.08,-0.800000000000001,NaN,2.57,NaN,NaN,NaN,7.25,8.14,8.89,10.69
NaN,-7.73,-6.15,-5.19,-3.83,-2.87,-0.280000000000001,NaN,2.52,3.87,4.75,6.76,NaN,7.89,8.9,10.69
-11.79,-7.3,NaN,-5.41,-3.84,-2.99,-0.48,NaN,2.55,4.08,5.11,6.27,NaN,NaN,8.54,NaN
-11.79,-7.48,-6.25,-5.28,NaN,-3.02,-0.460000000000001,NaN,2.59,4.09,5.07,6.22,NaN,NaN,8.58,10.69
-11.79,-7.68,-6.39,-5.47,-3.83,-3.1,-0.25,NaN,2.62,NaN,5.14,6.2,7.17,7.91,8.75,10.69
NaN,NaN,-6.04,-5.16,NaN,-3.07,-0.449999999999999,NaN,2.57,3.95,4.91,6.27,NaN,7.58,8.85,10.69
-11.79,-7.34,-6.37,-5.35,-3.76,-2.81,-0.349999999999998,NaN,2.58,NaN,4.82,6.22,NaN,NaN,8.54,NaN
NaN,-7.85,-6.09,-5.05,NaN,-3.01,-0.280000000000001,NaN,2.5,4,5.18,6.19,NaN,7.87,8.7,NaN
NaN,-7.54,-6.63,-5.33,-3.83,-3.05,NaN,NaN,2.56,4.01,5.09,6.34,NaN,NaN,8.9,10.69
-11.79,NaN,-5.99,-5.19,NaN,-3.12,NaN,NaN,2.51,NaN,5.16,6.62,NaN,NaN,8.73,NaN
-11.79,-7.48,NaN,-5.42,-3.87,-2.75,-0.32,NaN,2.53,3.95,NaN,NaN,7.24,7.92,8.9,10.69
NaN,-7.76,-6.24,-5.14,-3.83,-2.64,-0.550000000000001,NaN,2.55,3.89,5.22,6.74,NaN,NaN,8.91,NaN
NaN,-7.68,-6.63,-5.17,NaN,-3.05,NaN,1.59,2.63,3.97,NaN,6.14,NaN,7.88,8.7,NaN
-11.79,-7.38,NaN,-5.17,-3.97,-2.51,-0.280000000000001,1.76,2.62,4.05,NaN,NaN,7.23,NaN,8.91,10.69
NaN,-7.67,-6.03,NaN,NaN,-2.99,-0.309999999999999,NaN,2.67,4.06,5.06,6.12,7.24,NaN,8.91,NaN
NaN,-7.79,NaN,-4.9,NaN,-3.07,NaN,NaN,2.61,4.01,5.09,NaN,NaN,NaN,8.9,10.69
-11.79,-7.68,-5.88,NaN,-3.96,-3.1,-0.239999999999998,1.64,2.57,3.97,5.11,6.41,NaN,NaN,8.82,10.69
-11.79,-7.7,-6.15,-5.25,NaN,-2.9,-0.309999999999999,NaN,2.57,NaN,NaN,6.48,NaN,NaN,8.62,NaN
-11.79,-7.65,NaN,-5.51,NaN,-2.99,-0.489999999999998,1.98,2.8,3.99,5.25,NaN,7,7.86,8.91,NaN
NaN,-7.86,NaN,-5.12,NaN,-3.3,-0.18,NaN,2.66,4,5.02,NaN,7.18,NaN,8.55,10.69
-11.79,-7.4,-5.74,NaN,NaN,-3.01,-0.34,NaN,2.58,NaN,4.92,NaN,7.28,7.86,8.74,10.69
-11.79,NaN,-6.23,-5.26,-3.92,-2.98,-0.309999999999999,NaN,2.55,NaN,4.78,6.59,NaN,7.9,8.9,10.69
NaN,-7.72,-6.37,-4.78,NaN,-2.86,-0.359999999999999,1.67,2.52,3.87,5.21,6.6,NaN,7.81,8.91,NaN
-11.79,-8.09,NaN,-5.4,NaN,-3.06,-0.25,NaN,2.56,4.04,5.07,6.46,NaN,NaN,8.53,NaN
-11.79,NaN,-6.17,-5.1,NaN,-3.13,-0.25,NaN,2.68,NaN,5.18,NaN,7.01,7.98,8.9,10.69
-11.79,-7.66,-6.16,-5.56,-3.83,-2.64,-0.719999999999999,1.66,2.51,4.02,NaN,6.18,NaN,NaN,8.49,10.69
NaN,NaN,-5.88,-5.24,NaN,-3.13,-0.469999999999999,NaN,2.6,3.53,NaN,6.23,NaN,NaN,8.8,10.69
-11.79,-7.51,-6.61,-5.51,NaN,-3.01,-0.440000000000001,1.99,2.55,4,5.05,6.4,NaN,NaN,8.49,10.69
-11.79,NaN,-6.15,-5.31,-4.27,-3.21,-0.289999999999999,1.63,2.59,4.01,5.18,6.56,NaN,7.85,8.91,NaN
NaN,-7.67,-6.35,-5.37,-3.83,-3.18,-0.390000000000001,NaN,2.53,3.96,5.12,6.2,7.26,NaN,8.75,10.69
-11.79,NaN,NaN,-5.35,NaN,-3.08,-0.259999999999998,NaN,2.53,4.12,5.13,6.74,NaN,7.89,8.9,10.69
-11.79,-7.37,-6.21,-5.42,-3.89,-3.04,NaN,1.67,2.71,3.97,5.05,NaN,7.26,7.92,8.75,10.69
NaN,NaN,-6.67,-5.28,-3.77,-2.89,-0.41,1.94,2.49,NaN,NaN,6.38,NaN,NaN,8.48,10.69
-11.79,-7.65,NaN,-4.92,-3.86,-3.05,-0.57,NaN,2.53,3.92,5.01,6.32,NaN,7.98,NaN,10.69
-11.79,-7.75,NaN,-5.38,NaN,-3.11,-0.399999999999999,NaN,2.56,4.1,NaN,NaN,7.27,NaN,8.87,NaN
-11.79,-7.54,-5.99,-4.97,-3.62,NaN,-0.43,1.62,2.87,4.02,5.05,6.31,NaN,NaN,8.58,10.69
NaN,-7.73,-6.03,NaN,-3.78,-2.96,-0.219999999999999,1.66,2.51,3.86,5.04,6.37,NaN,NaN,8.85,10.69
NaN,-7.6,-6.34,-5.15,-3.86,-2.98,-0.489999999999998,1.93,2.49,NaN,4.73,6.17,NaN,NaN,8.47,10.69
-11.79,-7.74,-6.06,-4.84,NaN,-2.99,-0.25,1.77,2.76,4.02,4.64,6.41,NaN,7.91,8.75,10.69
NaN,NaN,-6.48,-5.17,NaN,-3.08,-0.399999999999999,NaN,2.55,NaN,5.22,6.65,NaN,NaN,8.86,10.69
NaN,-7.77,-6.63,-4.77,-3.85,-2.98,-0.32,1.73,2.67,NaN,5.11,NaN,7.19,NaN,8.91,NaN
-11.79,NaN,-6.45,-4.88,-3.85,-3.1,-0.370000000000001,NaN,2.51,NaN,5.08,6.31,NaN,NaN,8.53,10.69
-11.79,-7.51,-6.24,-5.33,-3.98,-3.01,-0.32,NaN,2.6,4.06,NaN,6.62,NaN,NaN,8.88,10.69
-11.79,-7.53,NaN,-5.44,-4.09,-2.93,-0.280000000000001,NaN,2.67,3.87,5.14,6.08,NaN,7.91,NaN,NaN
NaN,-7.7,-6.2,-5.21,-4.03,-3.11,-0.379999999999999,1.67,2.64,3.92,4.99,NaN,7.23,7.94,NaN,NaN
NaN,-7.66,-5.77,-4.94,-3.93,-3.03,-0.370000000000001,1.68,2.54,4.01,4.83,NaN,7.13,NaN,8.89,10.69
-11.79,-7.69,-5.87,-4.92,NaN,-2.91,NaN,2.03,2.61,4.1,5.16,6.16,NaN,8.01,8.89,10.69
-11.79,-7.58,-6.16,-5.26,-3.78,NaN,-0.32,1.75,2.66,3.81,NaN,NaN,7.22,7.9,8.9,10.69
NaN,-7.99,-6.18,-4.79,NaN,-3.08,-0.280000000000001,NaN,2.62,4.14,5.2,6.58,NaN,NaN,8.77,10.69
-11.79,-7.6,-6.31,-5.44,-4.07,-2.98,NaN,1.71,2.58,3.93,5.08,6.66,NaN,7.92,NaN,NaN
-11.79,-7.95,-5.95,-4.81,NaN,-3.14,-0.440000000000001,1.67,2.53,NaN,4.94,6.3,7.12,NaN,8.72,NaN
-11.79,-7.61,-6.11,NaN,-4,-3.04,-0.219999999999999,NaN,2.55,4.24,NaN,6.37,NaN,NaN,8.6,10.69
-11.79,-7.3,-5.75,-4.94,NaN,-3.15,-0.440000000000001,1.76,2.44,3.97,5.16,NaN,NaN,7.9,NaN,NaN
-11.79,NaN,-6.26,-5.34,-3.78,-2.51,-0.18,NaN,2.62,3.99,5.04,6.53,NaN,NaN,8.53,NaN
-11.79,NaN,-6.12,-5.25,-4.05,-2.95,-0.379999999999999,NaN,2.62,4,4.98,6.15,NaN,7.93,8.51,NaN
-11.79,-7.61,-6.51,-5.25,NaN,-2.97,-0.25,1.75,2.59,3.9,5.11,NaN,NaN,7.86,8.74,10.69
-11.79,-7.56,-5.98,-5.16,-4.02,-3.01,-0.390000000000001,1.68,2.63,NaN,5.01,6.17,NaN,7.87,8.75,10.69
-11.79,-7.59,NaN,-5.3,NaN,-2.95,NaN,NaN,2.7,4.08,5.02,NaN,7.25,7.98,8.87,10.69
-11.79,-7.55,-6.11,-5.25,-3.68,-2.99,NaN,NaN,2.46,NaN,4.63,6.53,NaN,7.98,8.87,10.69
-11.79,-7.78,-5.86,NaN,NaN,-2.93,-0.41,1.71,2.7,3.84,5.18,6.23,NaN,NaN,8.85,10.69
-11.79,NaN,NaN,-5.65,NaN,-3.1,-0.32,1.9,2.63,3.91,5.19,6.44,NaN,7.83,8.71,NaN
NaN,-7.64,-6.3,-4.88,NaN,-3.26,-0.309999999999999,1.8,NaN,4.08,NaN,6.59,NaN,7.79,8.91,NaN
NaN,-7.74,NaN,-5.55,-4.01,-3.08,-0.190000000000001,NaN,2.62,4.11,4.98,6.2,NaN,7.84,8.6,NaN
NaN,-7.52,-6.16,-5.39,-4.02,-3.02,NaN,NaN,2.48,3.92,5.08,6.02,7.29,NaN,8.87,10.69
-11.79,NaN,-6.35,-5.23,NaN,-3.07,-0.550000000000001,NaN,2.51,NaN,NaN,6.23,7.24,NaN,8.85,10.69
-11.79,NaN,-6.24,-5.29,NaN,-2.94,-0.289999999999999,1.58,2.61,4.02,4.78,6.18,7.26,NaN,8.84,NaN
NaN,-7.79,-6.25,-5.25,-3.82,NaN,-0.25,1.8,2.78,3.99,5.21,NaN,7.11,7.79,8.91,NaN
-11.79,-7.65,-6.08,-5.28,-3.9,-3.11,-0.539999999999999,NaN,2.56,3.99,5.11,6.68,NaN,8.29,8.88,10.69
NaN,-7.59,-6.24,-5.18,-4.12,-2.96,-0.219999999999999,1.64,2.58,4.09,5.19,6.6,NaN,7.91,NaN,NaN
NaN,-7.8,NaN,-5.04,NaN,-3.02,NaN,NaN,2.64,3.91,4.77,NaN,NaN,7.92,NaN,NaN
-11.79,-7.61,-6.47,-5.29,-3.89,-3.04,-0.329999999999998,NaN,2.58,NaN,5.12,6.48,NaN,7.91,NaN,NaN
-11.79,-7.24,-5.75,NaN,NaN,-2.99,-0.43,NaN,2.62,4.01,NaN,NaN,7.19,NaN,8.82,10.69
-11.79,-7.53,NaN,-5.35,-3.98,-2.84,-0.399999999999999,NaN,2.54,4.09,4.84,NaN,7.23,7.92,NaN,NaN
-11.79,-7.71,-6.1,-5.15,NaN,-3.04,-0.259999999999998,NaN,2.5,3.94,5.18,6.57,NaN,NaN,8.46,10.69
-11.79,-7.5,-6.26,-5.26,NaN,-2.99,NaN,NaN,2.53,4,5.18,6.26,NaN,NaN,8.77,10.69
-11.79,NaN,-6.19,-5.39,-3.84,-2.94,-0.5,NaN,2.61,NaN,4.82,6.25,NaN,8.06,NaN,10.69
-11.79,-7.39,-6.34,-5.2,-4.02,-3.11,-0.300000000000001,1.78,2.53,4.1,5.2,NaN,7.14,NaN,8.72,NaN
-11.79,NaN,-6.42,-5.32,-3.89,NaN,-0.370000000000001,1.81,2.68,3.87,5.21,NaN,7.25,7.93,NaN,NaN
-11.79,NaN,-6.14,-5.27,-3.84,-2.86,-0.460000000000001,1.69,2.65,4.09,5.22,6.3,NaN,NaN,8.89,10.69
-11.79,NaN,-6.36,-5.29,-4.06,-2.96,-0.329999999999998,NaN,2.49,NaN,5.05,NaN,7.12,7.91,8.75,10.69
-11.79,-7.61,-5.91,-5.27,-4.04,-2.77,NaN,NaN,2.62,3.97,5.26,6.02,7.25,7.98,8.87,10.69
NaN,-7.66,-6.23,-5.32,NaN,-3.16,NaN,NaN,2.53,3.93,4.98,6.43,7.25,NaN,8.88,NaN
-11.79,-7.59,-6.17,-5.2,-3.84,-2.98,-0.239999999999998,1.7,2.56,3.88,5.13,6.43,NaN,NaN,8.84,NaN
-11.79,-7.37,NaN,-5.24,NaN,-3,-0.419999999999998,NaN,2.55,NaN,5.09,6.73,NaN,7.93,8.87,10.69
-11.79,-7.75,-6.23,-5.13,-3.79,-3.22,NaN,NaN,2.63,3.82,4.8,NaN,7.26,7.91,8.85,10.69
NaN,-7.8,-6.32,-5.28,-4.01,-3.12,-0.77,NaN,2.6,NaN,4.88,6.54,NaN,8,8.39,10.69
-11.79,-7.75,-5.85,-5.24,-3.82,-3.05,-0.219999999999999,NaN,2.46,3.86,5.13,6.19,NaN,7.97,8.5,NaN
NaN,-7.6,-6.06,NaN,-3.75,-3.03,-0.41,1.52,2.56,4.04,5.15,NaN,7.26,NaN,8.84,NaN
NaN,-7.59,-6.33,-5.17,NaN,-2.99,-0.300000000000001,NaN,2.59,3.99,4.95,6.2,7.22,7.84,8.6,NaN
-11.79,-7.59,-6.27,-5.17,-4.21,-3.01,-0.239999999999998,1.67,2.55,3.96,5.19,6.13,7.19,NaN,8.73,NaN
-11.79,-7.65,-6.06,-5.02,NaN,-3.05,-0.32,1.99,2.67,4.09,NaN,6.48,NaN,NaN,8.91,10.69
-11.79,NaN,NaN,-5.38,NaN,-3.02,-0.52,NaN,2.47,NaN,NaN,6.62,NaN,8.16,8.88,10.69
NaN,-7.5,-6.25,-5.3,-3.98,-3.08,-0.489999999999998,NaN,2.55,4.09,5.24,NaN,6.95,7.9,8.9,10.69
-11.79,-7.62,-6.4,-5.29,-4.03,NaN,-0.329999999999998,NaN,2.64,3.79,4.96,NaN,7.23,NaN,8.91,10.69
NaN,-7.67,-6.38,NaN,-3.57,NaN,-0.390000000000001,NaN,2.44,3.88,NaN,6.64,NaN,7.9,NaN,NaN
-11.79,-7.57,-6.32,-5.43,-3.72,-2.99,-0.559999999999999,NaN,2.64,4.1,4.86,6.03,7.23,7.97,8.5,NaN
NaN,-7.84,-5.93,-5.22,-3.96,-3.05,NaN,NaN,2.43,3.83,5.22,NaN,6.99,NaN,8.85,10.69
-11.79,-7.72,-6.13,-5.27,NaN,-3.03,NaN,1.82,2.63,3.96,5.2,NaN,NaN,7.59,8.9,10.69
NaN,-7.93,-6.4,-5.25,NaN,-3.04,-0.300000000000001,1.77,2.56,NaN,NaN,6.18,NaN,7.83,8.72,NaN
-11.79,NaN,-6.12,NaN,NaN,-3,NaN,1.99,2.58,4.05,5.02,6.59,NaN,7.95,8.76,10.69
-11.79,-7.48,NaN,-5.51,-3.77,-2.93,-0.25,1.72,2.7,4.01,4.83,6.34,NaN,NaN,8.47,10.69
NaN,-8.01,-5.99,-5.16,-3.81,-3.1,-0.280000000000001,NaN,2.53,4.06,NaN,6.66,NaN,NaN,8.91,NaN
NaN,-7.68,-5.91,-5.25,NaN,-2.9,-0.43,1.68,2.69,NaN,5.16,NaN,7.2,7.91,8.55,NaN
-11.79,NaN,-6.44,-5.27,-4.25,-2.99,-0.18,NaN,2.59,4.09,4.79,6.07,NaN,7.9,NaN,NaN
-11.79,-7.65,-6.4,-5.2,-3.93,-2.69,NaN,1.56,2.57,3.53,NaN,6.44,NaN,NaN,8.44,10.69
-11.79,-7.52,-6.2,-5.24,NaN,-2.98,-0.309999999999999,1.68,2.59,3.9,5.06,6.23,NaN,7.96,8.53,NaN
-11.79,-7.22,NaN,-5.36,-3.84,-2.78,-0.25,1.76,2.56,4,5.26,6.65,NaN,7.98,8.87,10.69
-11.79,-7.5,NaN,-5.36,-4.18,-2.87,-0.239999999999998,NaN,2.54,3.95,4.9,NaN,6.81,7.92,8.51,10.69
-11.79,-7.71,-6.15,-5.1,-4.09,-3.14,NaN,NaN,2.59,3.85,4.85,6.26,NaN,NaN,8.5,10.69
-11.79,-8.11,NaN,-5.25,NaN,-3,-0.41,NaN,2.55,NaN,5.05,6.71,NaN,7.87,8.9,10.69
-11.79,-7.63,-6.3,-5.29,NaN,-3,-0.370000000000001,NaN,2.58,3.77,4.93,NaN,7.2,7.93,8.74,10.69
-11.79,-7.51,NaN,NaN,-4,-3.11,NaN,NaN,2.64,3.93,5.11,6.24,7.09,NaN,8.52,10.69
NaN,NaN,NaN,-5.3,-3.9,-3.02,-0.34,NaN,2.59,4.2,4.82,6.21,7.25,NaN,8.86,NaN
NaN,-7.68,-6.03,-5.1,-3.67,-2.71,-0.41,1.54,2.61,4,4.87,6.58,NaN,8.16,8.88,10.69
NaN,-7.71,-5.94,NaN,NaN,-2.93,NaN,1.85,2.67,4.05,5.02,6.06,7.29,NaN,8.85,10.69
-11.79,-7.37,-6.32,-5.32,-3.69,-3.07,-0.77,1.62,2.69,4.06,5.07,NaN,7.24,7.93,NaN,NaN
-11.79,-7.52,-6.27,-5.22,NaN,-3.04,-0.32,1.75,2.54,3.77,NaN,6.27,NaN,NaN,8.62,NaN
NaN,-7.65,-6.21,-5.38,-4.28,-2.9,-0.419999999999998,1.9,2.63,NaN,5.16,6.19,NaN,8.02,8.82,10.69
NaN,-7.93,-6.02,-5.09,-3.73,-2.94,-0.390000000000001,NaN,2.56,NaN,NaN,6.18,NaN,7.88,8.58,NaN
-11.79,-7.58,-6.35,-5.37,-3.82,-3.08,-0.309999999999999,1.7,2.61,3.94,5.06,6.26,NaN,NaN,8.77,10.69
-11.79,-7.42,-6.26,-5.3,-3.76,-2.92,-0.309999999999999,1.61,2.65,4.1,5.09,6.09,NaN,7.92,NaN,NaN
-11.79,NaN,-6.51,-5.44,-4.13,-3.05,-0.219999999999999,1.67,2.53,3.87,5.21,6.64,NaN,7.89,8.9,10.69
-11.79,-7.6,-6.64,-5.51,NaN,-3.05,-0.259999999999998,1.65,2.62,4.08,4.92,6.18,NaN,NaN,8.49,10.69
-11.79,NaN,-5.75,NaN,-4.08,-2.92,-0.399999999999999,1.8,2.62,NaN,5.03,NaN,7.27,7.9,NaN,NaN
-11.79,NaN,-6.12,-5.07,-4.03,-2.98,-0.399999999999999,NaN,2.65,4.01,NaN,NaN,7.32,NaN,8.86,10.69
-11.79,NaN,NaN,-5.22,NaN,-3.02,NaN,1.71,2.57,NaN,4.92,6.35,NaN,NaN,8.61,NaN
-11.79,-7.84,NaN,-5.5,-3.87,-2.93,-0.349999999999998,NaN,2.73,4.04,5.15,NaN,7.24,8.01,8.43,10.69
-11.79,NaN,-6.46,-5.32,NaN,-3.15,-0.739999999999998,NaN,2.57,3.82,5.55,6.42,NaN,8.16,8.87,10.69
NaN,-7.7,-6.44,-5.07,NaN,-3.13,-0.370000000000001,NaN,2.57,NaN,4.79,6.19,7.15,7.92,8.56,10.69
-11.79,NaN,-6.33,-5.19,-3.95,-3.05,-0.390000000000001,NaN,2.63,4.04,NaN,6.28,NaN,NaN,8.48,10.69
-11.79,NaN,-6.13,-5.31,-3.86,-2.85,-0.259999999999998,NaN,2.62,3.98,5.19,6.6,NaN,NaN,8.53,NaN
NaN,-7.55,NaN,-4.79,NaN,-2.97,-0.309999999999999,1.88,2.6,3.93,NaN,6.25,NaN,NaN,8.72,NaN
NaN,NaN,-5.98,-4.93,NaN,-3.05,-0.239999999999998,1.77,2.61,3.86,5.14,6.6,NaN,NaN,8.53,NaN
NaN,-7.23,-5.82,-5.24,NaN,-3.15,-0.469999999999999,1.6,2.56,4.3,5.23,6.08,NaN,7.95,8.8,10.69
-11.79,-7.45,-6.44,-5.36,-3.83,-2.57,-0.18,1.6,2.59,3.99,4.83,6.26,NaN,NaN,8.9,10.69
-11.79,-8.07,-5.94,-5.2,NaN,-3.1,-0.399999999999999,NaN,2.61,4.05,5.17,NaN,NaN,8.03,NaN,10.69
NaN,NaN,-5.92,-5.2,NaN,-3.07,-0.32,1.56,2.63,NaN,5.13,6.48,NaN,NaN,8.89,10.69
-11.79,NaN,-6.28,-5.33,NaN,-3.01,-0.32,NaN,2.55,4.04,NaN,6.39,NaN,NaN,8.77,10.69
-11.79,NaN,-6.28,-5.19,-3.79,-2.79,-0.559999999999999,NaN,2.58,NaN,5.19,6.13,NaN,7.93,NaN,10.69
NaN,NaN,-6.27,-5.4,-3.84,-3.07,-0.27,NaN,2.57,4.08,5.23,NaN,7.25,7.91,8.9,10.69
-11.79,NaN,-6.33,-5.32,-3.73,-3.03,-0.800000000000001,NaN,2.53,NaN,5.09,6.27,NaN,NaN,8.64,NaN
-11.79,-7.38,-5.89,NaN,-3.98,-2.87,NaN,NaN,2.58,3.98,NaN,NaN,7.22,7.79,8.91,NaN
-11.79,-7.43,NaN,-5.29,NaN,-3.06,-0.829999999999998,1.76,2.56,NaN,4.8,6.63,NaN,7.82,8.91,NaN
NaN,-7.66,-5.94,NaN,-3.79,-2.59,-0.469999999999999,NaN,2.7,4.02,5.14,6.27,NaN,7.92,8.59,10.69
-11.79,-7.62,NaN,-5.21,-3.93,NaN,-0.329999999999998,NaN,2.57,3.94,4.88,NaN,7.25,NaN,8.76,10.69
NaN,NaN,-5.87,-5.15,NaN,-3.22,-0.309999999999999,1.72,2.52,4.14,5.1,NaN,7.21,7.89,8.67,NaN
NaN,-7.67,NaN,-5.2,-3.87,-3.08,-0.43,NaN,2.56,4.16,5.18,6.7,NaN,7.96,8.87,10.69
NaN,-7.81,-5.98,-5.08,-3.79,-3.09,-0.219999999999999,NaN,2.48,NaN,5.32,NaN,7.19,7.96,8.87,10.69
NaN,-7.77,-6.27,-5.33,-3.73,-3,NaN,NaN,2.54,4.14,NaN,6.03,NaN,7.91,NaN,NaN
NaN,NaN,-5.97,NaN,-4.04,-3.08,NaN,1.6,2.65,3.99,5.13,6.48,NaN,7.9,NaN,NaN
-11.79,-8.06,-6.14,NaN,NaN,-3.02,NaN,NaN,2.63,4.07,4.84,NaN,7.18,7.82,8.71,NaN
-11.79,NaN,-6.12,-5.24,NaN,-3.08,-0.469999999999999,1.74,2.58,4.15,5.14,6.09,NaN,7.82,8.71,NaN
-11.79,-7.61,NaN,-5.17,NaN,-2.94,-0.259999999999998,1.72,2.62,3.94,NaN,6.23,NaN,8.03,NaN,10.69
-11.79,NaN,-6.29,-5.22,NaN,-2.96,-0.359999999999999,1.95,NaN,3.94,NaN,6.31,NaN,NaN,8.73,NaN
-11.79,-7.55,-6.28,-5.25,-3.78,-3.04,-0.23,1.57,2.67,4.03,5.2,6.67,NaN,NaN,8.91,NaN
-11.79,-7.77,NaN,-5.35,-4.16,-3.04,-0.370000000000001,NaN,2.66,3.99,5.16,6.64,NaN,NaN,8.86,10.69
NaN,NaN,-5.98,-5.16,NaN,-2.97,-0.309999999999999,NaN,2.72,NaN,5.18,NaN,7.23,NaN,8.91,NaN
-11.79,-7.36,NaN,-5.28,-3.71,-3.14,-0.32,NaN,2.54,4.01,5.19,6.11,6.99,NaN,8.85,10.69
-11.79,-7.52,NaN,-5.32,NaN,-2.95,-0.32,NaN,2.41,4.13,5.06,6.07,7.28,7.93,NaN,NaN
-11.79,NaN,-6.37,-5.28,-3.67,-2.94,-0.18,NaN,2.55,3.89,4.79,6.18,NaN,NaN,8.89,10.69
NaN,-7.7,NaN,-4.96,NaN,-3.13,-0.57,1.62,2.59,3.82,5.14,6.16,7.25,7.91,8.76,10.69
-11.79,-7.71,-6.66,-5.18,-3.84,-3.01,-0.210000000000001,NaN,2.59,3.93,4.76,6.43,NaN,NaN,8.91,NaN
-11.79,NaN,-6.5,-4.78,NaN,-2.51,-0.379999999999999,1.69,2.58,NaN,5.16,6.65,NaN,8,8.87,10.69
-11.79,-7.51,-6.19,-5.22,-3.79,-3.02,-0.219999999999999,1.56,2.59,3.9,5.12,6.27,7.14,7.84,8.6,NaN
-11.79,NaN,-6.23,-4.93,-4.14,-2.98,-0.43,NaN,2.56,4.03,NaN,6.31,NaN,7.93,NaN,NaN
-11.79,-7.28,NaN,-5.39,-3.71,-2.89,-0.289999999999999,NaN,2.57,3.91,NaN,6.22,NaN,NaN,8.53,NaN
-11.79,-7.43,NaN,NaN,-3.92,-2.59,-0.25,1.81,2.52,4.04,5.14,NaN,7.26,7.86,8.91,NaN
NaN,-7.75,-6.37,-5.25,NaN,-3.04,NaN,1.65,2.57,4.04,5.05,6.43,7.09,8.04,8.8,10.69
NaN,NaN,-6.05,NaN,NaN,-2.98,-0.84,NaN,2.52,NaN,5.03,6.37,NaN,8.34,8.88,10.69
-11.79,NaN,-6.11,NaN,-3.76,-2.95,-0.43,1.64,2.65,4.21,5.18,6.26,NaN,7.93,8.51,NaN
NaN,-7.58,-6.29,-5.22,-4.3,-2.83,-0.34,NaN,2.58,4.06,4.91,NaN,7.27,NaN,8.85,10.69
-11.79,-7.68,-6.42,-5.27,-4.26,-3.11,-0.25,1.77,2.67,4.04,5.07,6.29,NaN,7.93,8.51,NaN
-11.79,NaN,-6.3,-5.1,-3.89,-3.09,-0.370000000000001,1.62,2.69,4.17,5.16,6.36,NaN,NaN,8.79,10.69
-11.79,NaN,-6.2,-5.23,NaN,-3.04,-0.23,NaN,2.52,4.01,4.91,6.29,NaN,NaN,8.46,10.69
NaN,-7.69,-6.42,-4.92,-3.86,-3.22,-0.34,NaN,2.56,4.04,5.2,NaN,7.12,NaN,8.9,10.69
-11.79,-7.75,-5.9,-5.2,-3.82,-2.86,-0.259999999999998,NaN,2.6,NaN,5.15,6.61,NaN,7.99,8.8,10.69
-11.79,-7.67,-6.37,-5.3,-3.68,NaN,-0.239999999999998,NaN,2.59,NaN,4.79,6.2,NaN,NaN,8.51,10.69
NaN,-7.75,-6.37,-5.21,NaN,-3.04,-0.379999999999999,NaN,2.56,4.01,4.74,6.13,7.23,NaN,8.76,10.69
NaN,-7.58,-6.46,-5.35,NaN,-3.11,-0.349999999999998,NaN,2.55,4.29,5.25,NaN,NaN,7.92,NaN,NaN
-11.79,NaN,-6.31,-5.3,-4.09,NaN,-0.68,NaN,2.51,4.05,NaN,6.37,NaN,7.91,NaN,NaN
NaN,-7.73,-6.21,-5.26,NaN,-2.98,-0.449999999999999,NaN,2.45,4.09,5.23,6.11,7.18,7.87,8.7,NaN
NaN,NaN,-6.15,-4.91,-3.72,-3.13,-0.329999999999998,NaN,2.55,4,4.99,6.07,7.2,NaN,8.53,10.69
-11.79,-7.54,-6.34,-5.11,-4.12,-2.96,-0.300000000000001,NaN,2.57,4.03,4.93,6.43,7.1,7.92,8.73,10.69
-11.79,-7.46,NaN,-5.67,-3.74,-2.97,NaN,1.62,2.59,4.06,5.23,6.62,NaN,8.16,8.87,10.69
-11.79,NaN,-6.16,-5.19,-4.15,-3.01,-0.390000000000001,1.59,2.56,4.08,4.96,6.29,NaN,NaN,8.9,10.69
-11.79,-7.37,-5.97,-4.94,NaN,-3.13,-0.219999999999999,1.74,2.66,3.96,5.12,6.38,NaN,NaN,8.8,10.69
-11.79,-7.5,-6.61,-5.53,NaN,-2.9,-0.280000000000001,1.66,2.53,4.04,5.03,6.32,NaN,7.9,8.6,10.69
NaN,-7.69,NaN,-5.27,NaN,-3.1,-0.34,NaN,2.49,NaN,4.98,NaN,7.14,NaN,8.86,10.69
-11.79,-7.36,NaN,-5.51,-3.87,-2.72,-0.399999999999999,1.62,2.62,3.97,5.08,6.28,NaN,7.82,8.91,NaN
NaN,-7.54,NaN,-5.5,NaN,-2.99,-0.289999999999999,1.6,2.63,3.84,4.78,6.3,NaN,NaN,8.85,10.69
NaN,-7.67,NaN,-5.46,NaN,-2.85,-0.300000000000001,NaN,2.66,4.2,5.23,6.76,NaN,8.14,8.89,10.69
NaN,-7.6,-5.93,-5.12,NaN,-3.07,NaN,NaN,2.48,3.93,4.79,6.53,NaN,7.92,NaN,NaN
NaN,-7.63,-6.42,-5.38,-3.67,-2.84,-0.349999999999998,1.58,2.57,NaN,4.94,6.53,NaN,NaN,8.54,NaN
NaN,-7.46,NaN,-5.47,NaN,-2.93,-0.48,1.65,2.6,4.01,4.86,6.16,NaN,7.92,8.56,10.69
NaN,NaN,-5.77,NaN,NaN,-3.11,-0.32,1.82,2.52,NaN,NaN,6.25,7.21,NaN,8.91,NaN
-11.79,-7.25,-5.91,-5.31,NaN,-2.97,NaN,NaN,2.68,4.06,NaN,6.31,NaN,8.09,8.89,10.69
-11.79,-7.63,NaN,-5.55,NaN,-3.07,-0.309999999999999,NaN,2.57,NaN,NaN,NaN,NaN,7.92,NaN,NaN
-11.79,-7.8,-5.91,-4.91,-3.75,-3.14,-0.140000000000001,NaN,2.51,NaN,4.98,6.21,NaN,NaN,8.48,10.69
-11.79,-7.71,-6.19,-5.21,-3.98,-2.59,-0.25,NaN,2.57,NaN,5.14,NaN,7.14,7.81,8.91,NaN
-11.79,-7.47,-6,-5.16,NaN,-3.07,-0.82,NaN,2.58,4.1,NaN,NaN,7.31,NaN,8.9,10.69
NaN,-7.42,NaN,-5.39,-4.13,-3.13,-0.390000000000001,NaN,2.5,4.12,5.11,NaN,7.33,7.86,8.91,NaN
-11.79,-7.67,-6.19,-5.32,-3.98,-2.83,-0.280000000000001,1.78,2.58,NaN,5.15,6.25,NaN,7.95,8.51,NaN
-11.79,-7.71,-6.09,-5.14,-3.73,-3.09,-0.280000000000001,NaN,2.56,4.05,5.24,6.52,NaN,NaN,8.72,NaN
NaN,-7.7,-6.14,NaN,-3.74,-2.91,NaN,1.83,2.45,NaN,NaN,NaN,7.26,7.97,8.89,10.69
-11.79,NaN,NaN,-5.54,-3.76,-3.16,-0.449999999999999,NaN,2.49,NaN,5.05,6.24,7.16,NaN,8.58,10.69
NaN,NaN,-6.32,-5.19,-3.61,-3.05,-0.169999999999998,NaN,2.57,3.95,5.25,6.73,NaN,7.92,8.75,10.69
-11.79,-7.59,-6.52,-5.6,-4.01,-3.13,-0.419999999999998,NaN,2.56,3.99,5.2,6.35,NaN,NaN,8.82,10.69
NaN,-7.66,-6.42,-5.2,NaN,-3.07,-0.359999999999999,NaN,2.53,3.99,5.04,NaN,7,7.74,8.84,NaN
-11.79,-7.39,-6.24,-5.34,-3.86,-3,-0.25,NaN,2.65,3.94,5.21,6.63,NaN,7.91,8.74,10.69
-11.79,-7.52,-6.17,-5.42,-3.68,-3.03,-0.239999999999998,NaN,2.45,3.95,5.09,6.32,NaN,NaN,8.48,10.69
NaN,-7.5,-6.23,-5.22,NaN,-3.07,-0.219999999999999,NaN,2.48,4.11,NaN,6.37,NaN,7.93,NaN,NaN
-11.79,-7.73,-6.06,NaN,-3.84,-3.17,-0.419999999999998,NaN,2.57,3.85,5.05,6.53,NaN,NaN,8.8,10.69
-11.79,-7.63,NaN,-5.32,-3.78,-3.1,-0.5,NaN,2.62,4.02,4.73,6.26,NaN,7.98,NaN,10.69
NaN,-7.64,-6.24,-4.82,NaN,-2.9,-0.390000000000001,NaN,2.64,4.01,5.11,6.57,NaN,NaN,8.91,NaN
NaN,-7.46,-6.34,-5.22,-3.85,-3.02,-0.210000000000001,NaN,2.52,4.09,5.11,6.27,NaN,NaN,8.47,10.69
-11.79,-7.62,-6.4,-5.27,-4.08,-3.19,-0.210000000000001,NaN,2.54,4.13,NaN,6.62,NaN,NaN,8.83,10.69
-11.79,NaN,-5.98,-5.4,-3.93,-2.98,-0.16,NaN,2.64,3.98,5.18,6.62,NaN,NaN,8.6,10.69
-11.79,-7.52,-6.01,-5.1,NaN,-3.13,-0.399999999999999,2.02,2.67,4.12,5.15,6.02,NaN,7.91,NaN,NaN
-11.79,NaN,-6.37,-5.66,-3.91,-2.9,-0.259999999999998,1.67,2.56,3.86,5.12,6.59,NaN,8.03,NaN,10.69
-11.79,-8.06,-6.33,-5.57,-4.04,-2.74,NaN,1.78,2.54,4.09,NaN,6.48,NaN,7.86,8.91,NaN
-11.79,-7.84,-6.17,-5.18,NaN,-3.21,-0.84,1.7,2.6,3.93,5.13,6.63,NaN,NaN,8.87,NaN
-11.79,-7.68,-6.45,-5.06,NaN,-2.87,NaN,NaN,2.58,3.67,4.96,6.38,NaN,7.99,8.45,10.69
NaN,-7.6,-6.39,NaN,-3.99,-3.04,-0.239999999999998,1.89,2.52,NaN,5.55,NaN,7.23,7.97,8.5,NaN
NaN,-7.83,-6.41,-5.18,NaN,-3.25,-0.280000000000001,1.53,2.58,3.95,NaN,NaN,7.26,NaN,8.91,10.69
NaN,NaN,-6.59,NaN,-3.84,-2.87,-0.41,NaN,2.6,3.8,4.94,6.32,NaN,7.92,8.75,10.69
-11.79,-7.76,-6.07,-4.86,NaN,-3.02,-0.199999999999999,NaN,2.58,4.05,4.89,NaN,7.14,NaN,8.74,10.69
NaN,-7.8,-5.77,-5.14,NaN,-2.8,-0.379999999999999,NaN,2.55,4.12,5.09,6.07,7.13,NaN,8.82,10.69
-11.79,-7.58,-5.93,NaN,-3.68,-2.98,-0.390000000000001,NaN,2.67,4.04,5.51,6.26,NaN,8.02,8.87,10.69
-11.79,-7.64,-6.38,-5.15,-4.03,-3.1,-0.27,NaN,2.51,NaN,4.94,6.25,NaN,7.96,8.76,10.69
-11.79,-7.51,-6.26,-5.4,-3.73,-3.17,-0.370000000000001,NaN,2.6,3.89,5.04,6.66,7.05,7.93,8.71,10.69
-11.79,-7.78,-6.28,-5.23,NaN,-3.11,-0.259999999999998,NaN,2.63,3.93,NaN,NaN,NaN,7.96,8.87,10.69
NaN,-7.79,NaN,-5.45,-3.79,-2.99,-0.68,NaN,2.55,4.01,4.85,6.21,7.17,NaN,8.73,NaN
-11.79,-7.38,-5.92,-4.92,NaN,-3.3,-0.34,NaN,2.51,3.82,5.27,NaN,7.33,7.86,8.91,NaN
-11.79,NaN,-5.83,NaN,NaN,-2.92,-0.259999999999998,NaN,2.54,3.99,5.2,6.15,NaN,NaN,8.72,NaN
NaN,-7.5,-5.95,-4.8,NaN,-3.01,-0.349999999999998,NaN,2.55,3.94,NaN,NaN,7.17,7.87,8.91,NaN
-11.79,NaN,-6.25,NaN,-3.67,-2.72,-0.460000000000001,1.61,NaN,NaN,4.82,6.45,NaN,7.9,NaN,NaN
-11.79,-8.07,-5.98,NaN,NaN,-2.99,NaN,NaN,2.56,3.94,NaN,NaN,7.23,7.9,8.9,10.69
-11.79,NaN,NaN,-5.49,-4.13,-3.04,NaN,NaN,2.6,3.77,5.06,6.23,NaN,7.95,NaN,10.69
NaN,-7.81,-6.19,-5.36,-4.06,-3.14,-0.300000000000001,1.57,2.62,4.14,5.2,6.27,NaN,NaN,8.73,NaN
-11.79,NaN,NaN,-5.3,-4.23,-2.95,-0.539999999999999,1.59,2.61,3.81,NaN,6.2,7.19,NaN,8.91,NaN
-11.79,-7.56,-6.46,-5.22,-3.78,-3.17,-0.5,NaN,2.57,3.95,4.95,NaN,7.18,7.95,8.76,10.69
-11.79,-8.09,-6.21,-5.28,-4.04,-3.05,-0.469999999999999,1.63,2.62,NaN,5.23,6.14,7.19,7.91,8.76,10.69
-11.79,-7.54,-6.37,-5.24,NaN,-3.12,-0.43,NaN,2.5,4.02,NaN,6.16,NaN,NaN,8.77,10.69
-11.79,-7.47,-6.26,NaN,-3.8,-3.07,-0.25,1.64,2.58,3.97,5.03,6.61,NaN,8.01,8.89,10.69
-11.79,-7.57,-5.85,NaN,NaN,NaN,-0.399999999999999,NaN,2.64,3.87,4.74,6.57,NaN,7.93,8.51,NaN
-11.79,-7.46,-5.98,NaN,-4.16,-3.04,-0.239999999999998,1.85,2.64,4.04,5.25,NaN,7.23,7.92,NaN,NaN
-11.79,-7.41,NaN,-5.68,-3.87,-3,-0.280000000000001,1.58,2.68,4.01,5.17,6.26,NaN,7.91,8.75,10.69
-11.79,-7.72,NaN,-5.25,-3.76,-3.03,-0.18,1.99,2.61,3.94,NaN,6.29,NaN,NaN,8.46,10.69
NaN,-7.73,NaN,-5.25,NaN,-2.9,-0.309999999999999,NaN,2.55,NaN,4.75,6.43,NaN,NaN,8.9,10.69
NaN,-7.76,-5.99,-5.09,NaN,-2.85,-0.300000000000001,1.6,NaN,4.07,5.29,6.04,NaN,7.89,8.76,10.69
-11.79,-7.44,NaN,-5.39,-4.08,-3.07,-0.239999999999998,1.96,2.7,4,NaN,NaN,NaN,7.9,NaN,NaN
-11.79,NaN,NaN,-5.26,-4,-3.03,-0.82,NaN,2.53,NaN,4.94,6.5,NaN,NaN,8.53,NaN
-11.79,-7.74,-5.86,-5.19,NaN,-3.04,-0.329999999999998,1.72,2.58,4,NaN,6.35,NaN,NaN,8.91,10.69
-11.79,-7.2,NaN,-5.37,-4.15,-3.08,-0.539999999999999,1.71,2.55,4.23,5.13,6.62,NaN,7.89,8.9,10.69
-11.79,-7.59,NaN,-5.41,-3.92,-3.03,-0.489999999999998,1.79,2.58,3.99,NaN,NaN,7.25,7.91,8.76,10.69
NaN,-7.54,-6.4,-5.55,-3.71,NaN,-0.52,NaN,2.61,4.02,5.03,6.09,NaN,NaN,8.49,10.69
-11.79,-7.7,NaN,-5.29,-3.96,-3.07,-0.34,NaN,2.59,NaN,5.54,NaN,7.26,7.97,8.89,10.69
NaN,-7.69,-6.43,-5.19,NaN,-3.08,-0.280000000000001,1.6,2.7,4.03,5.1,6.25,NaN,7.91,NaN,NaN
-11.79,-7.63,-5.96,-5.23,-3.79,-3.07,-0.18,NaN,2.6,4.38,4.84,6.2,NaN,NaN,8.53,NaN
-11.79,-7.18,NaN,-5.38,NaN,-3.06,-0.25,1.64,2.69,4.11,4.88,6.27,NaN,NaN,8.52,10.69
-11.79,-7.71,-5.8,-5.18,NaN,-3.15,-0.399999999999999,NaN,2.65,4,5.05,NaN,7.21,7.91,8.56,10.69
NaN,-7.66,NaN,-5.4,NaN,-3.16,-0.27,1.77,2.63,3.89,5.17,6.26,NaN,7.89,8.9,10.69
-11.79,-7.52,-6.32,-5.38,-4.02,-2.62,-0.289999999999999,NaN,2.57,3.99,5.1,6.21,7.26,NaN,8.84,NaN
-11.79,-7.73,-6.24,-5.2,-3.85,-3.14,-0.449999999999999,1.72,2.53,NaN,NaN,NaN,7.28,7.79,8.91,10.69
NaN,-7.31,-5.83,-4.85,NaN,-2.65,-0.280000000000001,1.58,2.6,3.88,4.87,6.19,NaN,7.93,8.51,NaN
-11.79,-7.63,NaN,-5.22,NaN,-3.1,-0.169999999999998,NaN,2.61,3.9,4.68,6.15,NaN,7.93,8.51,NaN
-11.79,NaN,NaN,-5.26,-4.09,-3.04,-0.329999999999998,NaN,2.55,4.01,5.17,6.54,NaN,7.92,NaN,NaN
NaN,-7.65,-6.19,-5.26,-4.05,-2.99,-0.309999999999999,NaN,2.56,NaN,4.85,NaN,7.24,7.88,8.69,NaN
-11.79,-7.45,-6.13,-4.79,-4.03,-3.05,-0.289999999999999,1.59,2.57,4.03,NaN,NaN,7.25,7.92,NaN,NaN
-11.79,-7.6,-6.66,-4.98,-3.94,-2.96,-0.41,1.62,2.78,3.99,NaN,6.41,NaN,7.92,NaN,NaN
-11.79,-8.1,-6.33,-4.89,-3.84,-2.95,-0.390000000000001,NaN,2.56,NaN,4.86,NaN,7.25,7.92,NaN,NaN
NaN,NaN,-6.68,-5.31,NaN,-2.97,-0.359999999999999,NaN,2.5,NaN,4.8,6.2,7.31,NaN,8.84,NaN
-11.79,-7.6,-6.21,-5.18,NaN,-3.09,-0.5,NaN,2.56,NaN,NaN,6.09,NaN,8.34,8.88,10.69
-11.79,-7.72,-6.42,-5.16,-4.02,-3.09,-0.329999999999998,NaN,2.54,NaN,4.82,6.71,NaN,NaN,8.84,NaN
NaN,-7.6,-6.34,-5.29,-3.78,NaN,-0.289999999999999,1.59,2.6,4.08,5.05,NaN,7.11,7.97,8.89,10.69
-11.79,-7.52,-6.07,NaN,-3.97,-3.03,-0.239999999999998,NaN,2.56,4.08,NaN,6.22,NaN,NaN,8.61,NaN
NaN,-7.72,-6.05,-5.13,NaN,-3.08,-0.27,1.58,2.72,4.02,NaN,6.12,7.36,NaN,8.77,10.69
-11.79,NaN,-6.1,-5.2,-3.86,-3.04,-0.550000000000001,NaN,2.66,4,5.03,6.64,NaN,7.88,8.9,10.69
-11.79,-7.7,-5.94,-5.13,-3.79,-2.81,-0.48,1.65,2.61,3.9,5.15,6.53,NaN,7.91,NaN,NaN
-11.79,-7.46,-5.96,-5.28,NaN,-3.11,-0.190000000000001,NaN,2.57,3.91,NaN,6.21,7.31,NaN,8.87,10.69
-11.79,-7.65,NaN,-5.43,NaN,-2.85,-0.379999999999999,NaN,2.61,3.7,5.15,6.22,NaN,7.93,8.49,NaN
-11.79,NaN,-6.36,-5.05,-3.79,-3.09,-0.32,1.96,NaN,4.13,5.07,6.56,NaN,7.92,NaN,NaN
-11.79,NaN,NaN,-5.41,NaN,-3.13,-0.280000000000001,NaN,2.6,3.95,5.05,6.52,NaN,7.92,NaN,NaN
-11.79,-7.36,NaN,-5.3,NaN,-2.99,-0.469999999999999,NaN,2.54,3.85,NaN,NaN,7.23,NaN,8.91,10.69
-11.79,-7.66,-6.15,-4.83,-3.6,-3.11,-0.210000000000001,1.56,2.67,3.96,4.83,6.39,NaN,NaN,8.77,10.69
NaN,-7.89,-6.33,-4.79,NaN,-3.03,-0.300000000000001,NaN,2.53,4.22,NaN,6.73,NaN,7.95,8.87,10.69
NaN,-7.67,-6.2,-5.36,-3.86,-2.99,-0.399999999999999,NaN,2.52,NaN,5.04,6.58,NaN,7.93,8.51,NaN
-11.79,-7.42,-5.87,-4.82,-3.95,-2.99,-0.259999999999998,NaN,2.54,3.98,NaN,NaN,NaN,NaN,8.45,10.69
NaN,-7.35,-5.78,NaN,NaN,-2.98,-0.289999999999999,NaN,2.67,3.7,NaN,NaN,7.28,7.83,8.71,NaN
NaN,-7.69,NaN,-5.13,NaN,-2.8,NaN,NaN,2.66,4,NaN,NaN,NaN,NaN,8.48,10.69
NaN,NaN,NaN,-5.28,NaN,-3.05,-0.370000000000001,1.56,2.62,NaN,5.14,6.23,NaN,7.85,8.91,NaN
-11.79,-7.68,-6.25,-5.43,-4.06,-2.97,-0.280000000000001,1.75,2.52,4.07,5.13,6.7,NaN,7.94,8.87,10.69
-11.79,NaN,-6.28,-4.99,-3.93,-3.04,-0.25,1.7,2.59,4,5.22,6.63,NaN,7.97,8.5,NaN
-11.79,-7.79,NaN,-5.33,NaN,-3.08,-0.34,NaN,2.64,4.01,5.14,6.65,NaN,7.9,8.9,10.69
-11.79,-7.43,-6.4,-5.27,NaN,-3.2,-0.419999999999998,1.58,2.64,4.16,5.21,6.21,NaN,NaN,8.9,10.69
-11.79,NaN,-5.83,-5.07,-4.03,-3.08,-0.370000000000001,1.68,2.43,4.02,NaN,6.59,NaN,NaN,8.54,NaN
-11.79,-7.73,NaN,-5.29,NaN,-2.78,-0.280000000000001,1.58,2.64,4.07,NaN,6.36,NaN,NaN,8.73,NaN
-11.79,-7.38,NaN,-5.3,-3.94,-3.03,-0.329999999999998,1.65,2.63,4.11,5.07,NaN,7.3,7.84,8.91,NaN
-11.79,NaN,-6.21,NaN,-3.78,-3.07,-0.280000000000001,NaN,2.64,3.94,5.01,6.28,7.15,7.86,8.71,NaN
-11.79,-7.57,-6.13,-5.17,-3.93,-2.85,-0.259999999999998,NaN,2.45,4.12,NaN,NaN,7.22,NaN,8.84,NaN
-11.79,-7.45,-5.87,-4.92,-3.82,-2.77,-0.399999999999999,1.58,2.56,4.26,4.96,6.4,NaN,NaN,8.5,10.69
NaN,-7.77,NaN,-5.3,NaN,-2.93,-0.370000000000001,1.75,2.57,3.98,NaN,NaN,7.2,7.91,NaN,NaN
NaN,-8.07,-6.29,-5.18,NaN,-2.91,-0.34,NaN,2.6,NaN,NaN,6.12,NaN,NaN,8.46,10.69
-11.79,NaN,-5.98,NaN,NaN,-3.16,-0.32,1.71,2.61,3.97,4.8,6.03,7.26,NaN,8.91,10.69
NaN,-7.22,-5.73,NaN,-3.69,-2.94,-0.370000000000001,NaN,2.51,3.94,5.19,NaN,6.78,NaN,8.85,10.69
-11.79,-7.52,-6.17,-5.28,-3.95,NaN,-0.259999999999998,NaN,2.63,NaN,5.51,6.27,7.21,NaN,8.91,NaN
-11.79,NaN,-6.41,-5.46,NaN,-3.23,NaN,1.77,2.75,NaN,4.71,6.22,NaN,NaN,8.53,10.69
NaN,-7.92,-6.08,-5.06,-3.79,-2.99,-0.550000000000001,NaN,2.65,4.03,5.01,6.23,7.52,NaN,8.72,NaN
NaN,-7.69,-5.93,-5.02,-3.95,-3.13,-0.280000000000001,NaN,2.53,4.04,5.16,6.16,NaN,NaN,8.77,10.69
-11.79,-7.82,-5.84,-5.35,NaN,-3.28,-0.41,NaN,2.47,NaN,NaN,6.11,7.22,7.83,8.71,NaN
-11.79,-7.6,-6.32,-5.24,-4.02,-3.08,-0.5,NaN,2.44,4,5.15,6.66,NaN,8.06,NaN,10.69
NaN,-7.45,-6.39,-5.36,NaN,-3.05,-0.370000000000001,1.61,2.66,3.96,4.77,6.62,NaN,NaN,8.88,10.69
