-11.79,-7.56,-5.95,-5.21,NaN,-3.09,-0.789999999999999,-0.0300000000000011,NaN,2.5,3.53,4.83,7.27,8.19,8.97,10.69
-11.79,-7.57,NaN,-5.18,-4.15,-3.05,-0.93,-0.280000000000001,0.710000000000001,2.43,3.88,4.94,7.11,7.99,8.79,10.69
-11.79,-7.67,-5.96,-4.75,-3.6,-3.18,-0.739999999999998,NaN,NaN,2.26,3.96,NaN,7.07,8.13,NaN,10.69
-11.79,-7.61,-5.94,-4.77,-3.7,NaN,-1.02,-0.18,NaN,2.66,3.82,4.79,6.97,8.23,NaN,10.69
-11.79,NaN,-5.91,-4.66,NaN,-3.08,NaN,-0.140000000000001,NaN,2.58,4,5,6.81,8.13,8.95,10.69
NaN,-7.73,-6.1,NaN,NaN,-2.82,-0.989999999999998,NaN,NaN,2.3,4.04,4.89,7.16,8.07,8.97,10.69
-11.79,-7.73,-6.11,-4.71,NaN,-2.77,-0.919999999999998,-0.25,NaN,2.54,NaN,5.18,7.07,8.16,NaN,10.69
NaN,-7.73,-6.16,-5.09,-3.71,-2.44,-0.57,NaN,NaN,2.49,4.32,NaN,NaN,7.98,8.93,NaN
-11.79,-7.58,-6.24,-5.21,-3.8,NaN,-0.940000000000001,NaN,NaN,2.56,NaN,5.07,NaN,8.14,8.95,10.69
NaN,-7.82,-5.92,-4.84,-3.64,-2.66,-0.719999999999999,NaN,NaN,2.36,NaN,NaN,7.19,7.76,8.91,NaN
-11.79,NaN,-6.52,-5.06,NaN,-3.02,-0.640000000000001,NaN,NaN,2.47,3.77,NaN,6.81,8.12,NaN,10.69
NaN,-7.95,-6.23,-5.15,-3.98,NaN,-0.719999999999999,-0.0199999999999996,NaN,2.57,4.07,5.06,NaN,8.26,8.66,NaN
-11.79,-7.81,-6.17,-5.14,-3.69,-3.01,-0.809999999999999,-0.120000000000001,NaN,2.29,4.02,5.08,7.04,NaN,9.04,NaN
-11.79,-7.45,-5.89,NaN,NaN,-3.11,-0.800000000000001,NaN,NaN,2.51,NaN,NaN,7.06,8.01,8.89,NaN
-11.79,-7.67,-5.97,-5.22,-4.02,-2.88,NaN,-0.300000000000001,NaN,2.56,3.87,NaN,7.05,8.17,9.02,10.69
-11.79,-7.61,-6.17,-5.21,-3.98,-2.97,-1.09,0.0399999999999991,NaN,2.4,3.98,NaN,7.26,8.09,9.01,10.69
-11.79,NaN,-6.2,NaN,-3.74,-2.71,-1.01,-0.349999999999998,0.879999999999999,2.62,4.02,5.03,6.73,8.15,NaN,10.69
NaN,-7.69,-6.36,-5.27,-3.81,-2.93,-0.93,NaN,NaN,2.4,3.78,4.81,6.74,8,8.55,10.69
-11.79,-7.54,-6.17,-5.11,NaN,-2.78,NaN,-0.0899999999999999,NaN,2.59,3.86,5.11,7.06,8.15,8.88,10.69
NaN,-7.85,-6.08,-5.11,-3.76,-2.66,-0.919999999999998,-0.289999999999999,NaN,2.4,3.9,5.02,7.16,NaN,8.94,10.69
NaN,-7.66,-6.04,NaN,-3.83,-3.05,-0.68,-0.0700000000000003,NaN,2.52,3.85,4.86,7.21,8.02,8.96,10.69
-11.79,NaN,-6.27,NaN,NaN,-3.14,-0.84,NaN,NaN,2.41,3.85,NaN,6.88,7.89,8.75,10.69
-11.79,-7.51,-5.74,-5.13,-3.85,-3.11,-0.719999999999999,NaN,0.870000000000001,2.52,3.96,NaN,7.07,8.18,NaN,10.69
-11.79,NaN,-6.04,-5.03,NaN,-2.96,-0.539999999999999,NaN,NaN,2.44,3.97,5.12,6.99,8.2,NaN,10.69
-11.79,NaN,NaN,-5.16,-3.76,NaN,-0.75,NaN,NaN,2.44,NaN,4.52,6.96,8.02,NaN,10.69
NaN,-7.7,-6.29,-5.13,-3.85,-3,-0.949999999999999,-0.27,0.93,2.45,4.05,4.88,NaN,8.18,NaN,10.69
NaN,-7.68,-6.21,NaN,-4.03,-2.44,-0.890000000000001,NaN,NaN,2.36,3.74,NaN,7.16,8.12,8.97,10.69
-11.79,-7.69,-6.43,-5.26,-3.83,-3.03,-0.800000000000001,-0.219999999999999,NaN,2.45,3.7,4.88,NaN,8.36,NaN,10.69
-11.79,-7.72,-6.42,-5.04,-3.87,-2.98,-0.640000000000001,-0.0899999999999999,NaN,2.43,4,4.97,6.98,NaN,8.9,10.69
NaN,-7.53,NaN,-5.09,NaN,-2.82,-0.739999999999998,-0.16,0.870000000000001,2.4,3.97,NaN,NaN,8.13,NaN,10.69
-11.79,-7.71,-6.24,-5.08,NaN,-3.11,-0.759999999999998,NaN,NaN,2.52,3.98,5.06,7.1,8,8.78,10.69
NaN,NaN,-6.22,-5.17,-3.92,-2.91,-0.739999999999998,-0.169999999999998,NaN,2.61,3.76,5.21,6.7,8.28,NaN,10.69
-11.79,-7.66,-5.73,-4.72,-3.87,NaN,-0.899999999999999,-0.140000000000001,NaN,2.23,3.81,5.03,7.02,8.23,8.9,10.69
NaN,-7.73,-6.42,-5.33,NaN,-3.05,-0.91,-0.23,NaN,2.5,4.09,NaN,7.08,8.05,NaN,NaN
NaN,-7.68,-5.91,NaN,NaN,NaN,-0.849999999999998,-0.300000000000001,NaN,2.29,3.76,NaN,7.05,8.09,NaN,10.69
-11.79,-7.87,-5.85,NaN,-3.68,-3.02,-1.02,-0.460000000000001,NaN,2.42,4,4.89,6.63,8.13,8.88,10.69
-11.79,NaN,-6.08,-5.24,-3.69,-2.69,-1,-0.259999999999998,NaN,2.5,3.8,5.39,6.91,NaN,8.89,NaN
NaN,-8.08,-5.96,-5.19,-3.99,-2.45,-0.719999999999999,NaN,NaN,2.4,NaN,4.89,7.24,NaN,8.96,10.69
-11.79,-7.53,-6.11,-5.22,-3.79,NaN,NaN,-0.25,0.899999999999999,2.39,3.81,5.03,7.17,8.2,8.97,10.69
-11.79,-7.86,-6.33,-5.12,-3.96,-2.89,NaN,-0.5,NaN,2.46,3.99,NaN,7.13,NaN,8.85,10.69
NaN,-7.46,-6.04,-4.89,NaN,-3.07,NaN,-0.449999999999999,NaN,2.52,3.85,NaN,7.09,8.13,NaN,10.69
-11.79,NaN,-5.96,-4.77,-3.71,NaN,-0.759999999999998,NaN,NaN,2.52,3.98,NaN,6.81,8.22,NaN,10.69
NaN,-7.68,-6.44,NaN,NaN,-3.1,-0.789999999999999,NaN,NaN,2.5,3.9,NaN,7.21,7.94,9,NaN
-11.79,-7.95,-6.25,-5.27,-3.74,-3.04,-0.989999999999998,-0.329999999999998,NaN,2.54,3.9,NaN,NaN,8.08,NaN,10.69
NaN,NaN,-6.27,-4.79,-3.86,NaN,-0.890000000000001,NaN,NaN,2.4,4.19,NaN,6.69,8.2,NaN,NaN
-11.79,-7.55,-6.23,-5.01,-3.84,NaN,NaN,-0.149999999999999,NaN,2.57,3.86,4.88,6.66,NaN,8.89,NaN
-11.79,-7.48,-6.53,NaN,-3.72,-2.89,NaN,-0.329999999999998,0.789999999999999,2.44,3.88,5.47,7.2,7.94,8.88,NaN
NaN,-7.56,NaN,NaN,NaN,-2.62,-0.789999999999999,-0.25,NaN,2.49,3.85,NaN,7.01,8.31,NaN,10.69
NaN,-7.72,-5.86,NaN,-4.06,NaN,-0.919999999999998,-0.199999999999999,NaN,2.37,3.74,5.45,7.27,NaN,9.03,NaN
-11.79,-7.67,-6.41,NaN,-3.66,-3.04,-0.800000000000001,0.0300000000000011,NaN,2.36,3.95,NaN,6.9,8.11,8.86,10.69
NaN,-7.7,-6.32,-5.09,-3.83,-3.03,NaN,-0.370000000000001,NaN,2.3,4.15,NaN,7.17,8.05,8.9,NaN
NaN,-7.71,-6.09,-5.2,-3.76,-3.12,-0.91,-0.140000000000001,NaN,2.49,3.94,NaN,NaN,NaN,9,NaN
-11.79,-7.73,-6.24,-5.04,NaN,-2.96,NaN,-0.0599999999999987,NaN,2.53,4.01,NaN,NaN,7.96,9,NaN
NaN,-7.61,-6.29,NaN,-3.82,-2.54,-0.899999999999999,0,NaN,NaN,4.03,5.02,7.29,8.16,9,10.69
-11.79,-7.76,-6.22,-4.99,-4.23,-2.55,NaN,-0.25,NaN,2.39,3.95,5.18,6.94,7.94,8.88,NaN
NaN,-8.15,-6.09,-5.17,NaN,-2.94,NaN,0.0399999999999991,NaN,2.51,NaN,4.82,6.99,8.43,NaN,10.69
-11.79,NaN,-5.82,-5.11,-3.79,-2.96,NaN,-0.219999999999999,NaN,2.51,4.2,NaN,6.96,8.16,NaN,10.69
NaN,-7.75,-5.97,-4.96,-3.76,-2.8,-0.800000000000001,NaN,0.73,2.62,4.13,NaN,7.08,8.47,NaN,10.69
NaN,-7.53,-6.05,NaN,NaN,-3.12,-0.620000000000001,-0.289999999999999,NaN,2.55,3.88,NaN,7.03,8.02,8.89,10.69
-11.79,-7.7,-5.93,-5.14,NaN,-3.04,NaN,0.0899999999999999,NaN,2.38,3.73,5.03,7.25,8.08,NaN,NaN
-11.79,-7.65,-6.14,-5.11,-3.74,-3.14,-0.640000000000001,-0.0199999999999996,NaN,2.52,3.51,5.08,7.2,8.28,9.02,10.69
NaN,-7.76,NaN,-4.78,-4.01,-2.51,-0.84,NaN,NaN,2.41,3.76,5.07,6.72,8.14,8.86,10.69
NaN,-7.81,-6.34,NaN,-3.79,-3.07,-0.870000000000001,NaN,NaN,2.49,4.04,5,7.32,NaN,9.02,NaN
-11.79,-7.82,NaN,-5.31,NaN,-2.48,NaN,-0.27,NaN,2.41,NaN,NaN,6.67,NaN,8.95,NaN
-11.79,NaN,NaN,-5.2,-3.82,-2.47,NaN,-0.359999999999999,NaN,2.47,3.97,5.46,7.01,8.04,NaN,NaN
-11.79,-7.65,-6.61,-5.01,-3.8,-3.14,NaN,-0.140000000000001,NaN,2.58,NaN,5.01,7,8.3,8.85,10.69
-11.79,NaN,-6.25,-5.11,NaN,-2.95,-0.899999999999999,-0.23,NaN,2.52,3.89,5.25,6.91,NaN,8.64,10.69
-11.79,NaN,-5.96,-4.71,-3.76,NaN,-1.06,-0.34,NaN,2.5,3.9,4.79,6.95,8.12,NaN,NaN
-11.79,-7.62,NaN,-5.18,NaN,-3.02,NaN,-0.43,NaN,2.51,NaN,4.99,7.14,8.11,NaN,10.69
-11.79,NaN,-6.37,NaN,-3.82,-2.66,-0.609999999999999,NaN,NaN,2.47,3.97,NaN,NaN,8.32,NaN,10.69
-11.79,-7.88,-6.13,-5.17,-3.77,-2.84,NaN,-0.399999999999999,NaN,2.56,4.09,4.94,7.05,8.02,NaN,10.69
-11.79,NaN,NaN,-5.29,-3.64,NaN,-0.849999999999998,NaN,NaN,2.15,4.09,NaN,6.84,8,9.04,NaN
NaN,-7.62,-6.29,-4.88,-3.85,-2.43,-0.870000000000001,-0.0999999999999979,NaN,2.52,4,5.2,NaN,8.25,8.99,10.69
NaN,-7.63,-5.7,NaN,-3.53,-2.71,NaN,-0.219999999999999,NaN,2.36,4.01,5.18,7.1,8.11,NaN,NaN
-11.79,NaN,-6.24,-5.47,NaN,-2.95,NaN,-0.210000000000001,NaN,2.46,NaN,4.83,NaN,7.98,9.04,NaN
NaN,-7.64,-5.97,-4.86,NaN,-2.9,-1.05,-0.300000000000001,NaN,2.46,NaN,NaN,6.74,8.08,NaN,10.69
-11.79,NaN,-6.28,NaN,-3.94,-2.9,-0.890000000000001,-0.219999999999999,NaN,2.46,3.83,5.07,6.81,8.21,NaN,10.69
NaN,-7.57,-5.87,-4.84,NaN,-3.13,-1.05,0.190000000000001,NaN,2.48,3.96,4.79,7.16,8.12,NaN,10.69
-11.79,NaN,NaN,-5.17,-3.86,-2.75,-1.05,-0.190000000000001,NaN,2.47,NaN,5.08,NaN,NaN,8.91,NaN
NaN,-7.71,-6.27,-5.21,-3.78,-2.7,-0.91,NaN,NaN,2.4,4.04,NaN,NaN,8.44,NaN,10.69
-11.79,NaN,-6.2,-5.21,-3.88,-3.06,NaN,-0.210000000000001,NaN,2.51,3.7,4.86,7.04,NaN,8.83,NaN
-11.79,NaN,-6.41,NaN,-3.71,-2.94,-0.669999999999998,NaN,NaN,2.5,4.09,NaN,7.14,NaN,8.92,10.69
-11.79,NaN,-6.28,-5.28,-3.75,-2.7,-0.82,NaN,NaN,2.39,3.97,NaN,6.94,8.13,NaN,10.69
-11.79,-7.62,NaN,-5.12,-3.9,-2.56,NaN,-0.259999999999998,NaN,2.54,NaN,5.37,6.94,8.16,8.87,10.69
-11.79,NaN,-6.07,-5.16,NaN,-3.18,-0.629999999999999,NaN,NaN,2.39,3.87,NaN,7.07,8.25,8.84,10.69
NaN,-7.59,-6.07,NaN,-3.86,-2.83,NaN,0.0300000000000011,NaN,2.47,NaN,NaN,7.1,7.99,8.99,NaN
-11.79,-7.72,-6.23,-4.75,-3.86,-3.01,-0.66,NaN,NaN,2.55,NaN,4.85,NaN,8.34,NaN,10.69
NaN,-7.57,NaN,NaN,NaN,-3.04,NaN,-0.0500000000000007,NaN,2.44,NaN,5.06,7,7.99,9,NaN
NaN,NaN,-6,-5.18,NaN,-3.18,NaN,NaN,NaN,2.53,4.02,5.49,6.76,NaN,8.88,NaN
NaN,-7.59,-6.31,NaN,-3.97,-2.86,NaN,-0.219999999999999,NaN,2.48,NaN,NaN,NaN,8.27,NaN,10.69
-11.79,NaN,-6.44,-5.29,NaN,-3.13,-1.13,-0.289999999999999,NaN,2.46,3.87,4.82,6.93,8.08,NaN,10.69
NaN,-7.67,-6.07,NaN,NaN,-2.96,-0.789999999999999,-0.109999999999999,NaN,2.46,3.78,5.03,7.22,8.34,NaN,10.69
NaN,-7.82,-5.91,NaN,-3.5,-2.65,NaN,-0.349999999999998,NaN,2.54,4.1,NaN,7.25,8.11,8.86,10.69
NaN,-7.84,-6.22,-5.14,-3.84,-2.93,-0.870000000000001,0.0599999999999987,NaN,2.57,NaN,NaN,7.18,NaN,8.85,10.69
-11.79,-7.65,-6.27,-4.85,NaN,-3.03,-1.02,NaN,NaN,2.48,3.81,5.19,7.17,8.24,9,NaN
NaN,-7.53,-6.31,NaN,NaN,-3.03,NaN,-0.0999999999999979,NaN,2.48,4.02,5.07,6.94,8,NaN,NaN
-11.79,-7.54,-6.29,-5.19,-3.78,NaN,-0.849999999999998,-0.18,NaN,2.5,3.95,4.9,7.19,NaN,9,10.69
-11.79,NaN,-6.05,-5.1,-3.73,-2.91,-0.899999999999999,0.0899999999999999,NaN,2.53,3.96,4.96,7.01,7.98,8.97,10.69
-11.79,NaN,-5.83,NaN,-3.54,NaN,-0.960000000000001,-0.289999999999999,NaN,2.52,3.98,5.08,7.18,8.15,NaN,NaN
-11.79,-7.71,-6.62,-5.26,NaN,-2.95,-0.66,-0.0599999999999987,0.91,2.46,3.91,4.96,7.2,7.99,8.88,10.69
NaN,NaN,-6.28,-5.3,-3.76,-2.99,-0.91,-0.0700000000000003,NaN,2.48,3.85,5.44,6.87,7.93,NaN,NaN
NaN,-7.55,-6.52,NaN,NaN,NaN,-0.719999999999999,NaN,NaN,2.52,3.99,NaN,6.63,8.22,NaN,10.69
-11.79,-7.47,-5.71,-5.3,-3.7,NaN,-1.07,NaN,NaN,2.4,NaN,5.46,7.11,8.29,8.98,10.69
NaN,-7.96,-6.11,-5.13,-4.11,-2.92,-0.849999999999998,-0.379999999999999,NaN,2.41,NaN,NaN,7.01,7.94,8.94,10.69
-11.79,-7.76,-6.2,-5.16,-3.96,-2.92,-0.690000000000001,NaN,NaN,2.24,NaN,5.12,7.03,8.16,NaN,10.69
-11.79,NaN,-6.21,-5.19,NaN,-2.82,-0.899999999999999,-0.27,NaN,2.48,NaN,NaN,7.05,7.98,NaN,10.69
-11.79,-7.78,NaN,-4.76,-3.74,-2.53,-0.82,NaN,NaN,2.51,4.06,4.96,6.99,8.15,NaN,10.69
-11.79,-7.61,-6.08,-5.15,NaN,-2.9,NaN,-0.34,NaN,2.62,3.78,NaN,7.18,7.95,8.92,NaN
-11.79,-7.65,-5.99,-5.18,NaN,-2.53,NaN,-0.210000000000001,NaN,2.45,NaN,NaN,NaN,8.13,NaN,NaN
NaN,-7.71,-6.02,NaN,-3.66,-3.02,-1.04,NaN,NaN,2.19,4.01,4.86,7.08,8.19,NaN,NaN
NaN,NaN,-6.2,-5.17,NaN,-3.02,NaN,-0.16,NaN,2.41,NaN,5,6.75,8.06,NaN,10.69
NaN,-7.61,-5.81,-4.72,NaN,-3.03,-0.800000000000001,-0.210000000000001,NaN,2.4,3.71,5.21,6.98,8.25,8.98,10.69
-11.79,-7.62,-5.98,NaN,NaN,-3.04,-0.84,NaN,NaN,2.46,3.52,NaN,6.64,8.15,NaN,10.69
NaN,-7.63,-6.38,-5.18,-3.7,-3.03,-0.879999999999999,NaN,NaN,2.43,3.84,NaN,7.03,8.02,NaN,NaN
-11.79,-7.98,-6.17,-5.13,-3.67,-2.97,NaN,-0.370000000000001,NaN,2.39,4.12,NaN,7.09,7.89,8.56,NaN
NaN,NaN,-5.71,-5.15,-3.72,-2.88,NaN,-0.349999999999998,NaN,2.49,3.76,4.96,7.08,8.05,NaN,NaN
-11.79,-7.75,-5.94,NaN,-3.87,NaN,-0.68,-0.0300000000000011,1.04,2.51,3.77,5,7.25,NaN,8.52,10.69
-11.79,-7.85,-5.93,-5.07,-3.61,NaN,-0.849999999999998,-0.120000000000001,NaN,2.5,3.89,NaN,NaN,7.93,NaN,NaN
NaN,NaN,NaN,-5.11,-3.71,-2.77,NaN,NaN,NaN,2.51,NaN,5.33,7.09,7.96,8.98,NaN
NaN,-7.81,-6.24,NaN,-4.23,-2.65,-0.759999999999998,NaN,NaN,2.41,4.03,5.23,7.21,NaN,8.95,10.69
-11.79,NaN,-6.05,NaN,-4.03,-3.02,-0.640000000000001,-0.0700000000000003,NaN,2.46,NaN,4.74,6.77,8.02,NaN,10.69
NaN,-8.16,-6.06,NaN,-3.71,-2.95,-0.77,NaN,NaN,2.52,3.95,5.1,6.96,NaN,8.62,NaN
NaN,-7.79,-5.98,NaN,-3.78,-2.98,-0.940000000000001,-0.25,NaN,2.2,3.73,NaN,7.07,NaN,8.9,NaN
-11.79,-7.6,-6.27,-5.3,-4.24,-2.76,-0.93,-0.140000000000001,NaN,2.45,NaN,4.82,7.17,8,8.8,NaN
NaN,NaN,-6.31,-5.17,-3.77,-3.05,-1.02,0.0700000000000003,NaN,2.45,3.77,NaN,7.06,7.87,8.79,NaN
-11.79,-7.71,-6.3,-5.2,NaN,-2.77,NaN,-0.349999999999998,NaN,2.37,3.57,NaN,7.14,8.08,9.05,NaN
-11.79,-8.05,-5.94,-5.09,-3.69,-2.67,NaN,-0.239999999999998,NaN,2.49,3.98,NaN,7.15,NaN,8.85,10.69
NaN,NaN,-6.4,-5.05,NaN,-2.85,NaN,-0.0199999999999996,NaN,2.51,3.87,NaN,NaN,8.09,8.87,NaN
NaN,-7.62,-6.49,NaN,-3.89,-3.16,-1.07,0.0300000000000011,NaN,2.61,3.85,5.35,6.8,7.99,8.98,10.69
-11.79,-7.52,-5.96,NaN,NaN,-3.1,NaN,-0.309999999999999,NaN,2.52,3.96,4.98,6.98,8.06,NaN,NaN
-11.79,-7.41,-5.77,-4.76,NaN,-2.95,-0.960000000000001,0.0999999999999979,NaN,2.57,3.84,NaN,7.04,8.11,8.97,10.69
-11.79,-7.75,-6.17,-5.01,-3.88,-2.85,NaN,-0.440000000000001,NaN,2.53,3.83,NaN,7.09,8.16,8.95,10.69
-11.79,NaN,-6.22,-5.19,-3.81,-2.45,NaN,-0.300000000000001,NaN,2.43,3.91,5.46,6.77,NaN,9.03,NaN
-11.79,-7.76,-6.16,-5.1,NaN,-2.72,NaN,-0.349999999999998,NaN,2.71,4.01,5.41,6.86,8.2,NaN,10.69
-11.79,NaN,-6.03,-4.75,-3.78,-2.95,-0.77,NaN,NaN,2.27,3.94,5.03,7.09,8.14,NaN,10.69
-11.79,-7.65,-6.62,-5.18,-3.84,-3.03,-0.940000000000001,-0.210000000000001,NaN,2.57,NaN,4.89,7.19,8.08,NaN,NaN
-11.79,-7.43,NaN,-5.25,-3.77,NaN,NaN,-0.0500000000000007,NaN,2.56,NaN,NaN,6.87,8.25,NaN,10.69
NaN,-7.91,-5.94,-5.2,NaN,-2.99,-1.05,-0.289999999999999,NaN,2.55,3.43,NaN,7.03,8.05,NaN,NaN
NaN,-7.83,-6.31,-4.96,-3.94,-3.01,NaN,-0.0300000000000011,NaN,2.5,3.94,NaN,NaN,8.07,8.87,10.69
-11.79,-7.66,-6.32,NaN,NaN,-3.09,NaN,-0.25,NaN,2.2,3.92,NaN,6.86,8.01,8.91,10.69
-11.79,-7.43,-5.77,-5.13,-3.85,-2.82,NaN,-0.509999999999998,NaN,2.62,3.84,5.13,6.82,NaN,8.6,10.69
NaN,-7.48,-6.37,-5.2,-3.81,NaN,-0.789999999999999,-0.259999999999998,NaN,1.99,3.91,NaN,6.98,8.06,8.98,NaN
-11.79,NaN,-6.12,-5.09,-3.75,-3.05,NaN,-0.140000000000001,NaN,2.48,3.84,NaN,6.94,7.97,9,NaN
NaN,-8.11,-6.26,-4.88,-3.78,-2.99,NaN,-0.370000000000001,0.919999999999998,2.34,3.44,5.15,6.79,NaN,8.9,10.69
-11.79,-7.61,-5.87,-5.02,-3.79,-2.98,-0.98,NaN,NaN,2.48,NaN,5.07,7.17,8.21,8.94,10.69
-11.79,-7.68,-6.29,NaN,NaN,-3.09,NaN,-0.359999999999999,NaN,2.49,4.02,5.05,7.14,8.22,NaN,10.69
-11.79,-7.46,-6.53,-5.21,-3.71,-2.81,NaN,-0.300000000000001,NaN,2.56,NaN,5.3,7.01,7.99,8.75,NaN
NaN,-7.72,-5.94,NaN,-3.74,-3.09,-0.789999999999999,-0.210000000000001,NaN,2.57,4,4.9,7.16,8.42,NaN,10.69
NaN,NaN,NaN,-5.18,NaN,-3.08,-0.969999999999999,-0.210000000000001,NaN,2.58,3.97,5.01,7.12,7.92,8.9,10.69
NaN,-7.97,-6.04,-5.06,-3.73,-2.5,NaN,-0.34,NaN,2.51,NaN,5.4,7.06,NaN,8.9,10.69
NaN,-7.86,-6.36,-5.26,NaN,-3.03,NaN,-0.199999999999999,NaN,2.43,3.97,5.18,6.98,8.04,8.91,10.69
-11.79,NaN,NaN,-5.25,-4.07,-3.09,-0.789999999999999,0.109999999999999,NaN,2.47,3.91,4.97,NaN,8.29,NaN,10.69
-11.79,-7.68,-6.12,NaN,-3.99,-2.81,-0.919999999999998,-0.300000000000001,NaN,2.49,NaN,NaN,NaN,8,NaN,NaN
-11.79,-7.68,-6.5,-5.26,-3.76,-2.9,-0.859999999999999,-0.0399999999999991,NaN,2.46,3.92,4.75,6.81,7.97,8.9,10.69
-11.79,-7.66,-5.82,NaN,-3.75,-2.67,NaN,-0.359999999999999,NaN,2.57,3.47,5.09,NaN,8.19,NaN,NaN
-11.79,NaN,-5.97,-5.16,NaN,-3.05,-0.800000000000001,NaN,NaN,2.65,NaN,5,6.94,7.88,9.04,NaN
NaN,-7.79,-6.13,-5.16,-4.05,-2.97,NaN,-0.169999999999998,NaN,2.46,3.81,4.99,NaN,NaN,8.58,10.69
-11.79,NaN,-6.28,NaN,-3.83,-2.6,-0.93,NaN,NaN,2.47,4,5.16,7.04,8.01,NaN,10.69
-11.79,-7.7,-6.12,-5.21,-4.1,-2.74,-0.940000000000001,0.140000000000001,NaN,2.4,NaN,NaN,7.25,7.98,NaN,10.69
-11.79,-7.72,-6.14,NaN,NaN,-2.92,-1.04,-0.199999999999999,NaN,2.36,3.97,5.02,7.27,7.97,8.96,10.69
NaN,-7.42,-5.79,-4.92,NaN,-3.04,-0.84,-0.109999999999999,NaN,2.47,3.88,NaN,6.92,8.05,NaN,NaN
NaN,-8.03,-5.89,NaN,-3.69,-2.42,-0.809999999999999,NaN,NaN,2.37,3.99,4.96,6.84,8.12,8.83,10.69
NaN,NaN,-6.08,-5.25,NaN,-2.83,-0.73,-0.32,NaN,2.45,3.93,4.91,6.93,8.1,8.7,10.69
-11.79,NaN,NaN,-5.06,NaN,-3.02,NaN,-0.27,NaN,2.49,4,4.97,7.02,8.2,8.9,10.69
-11.79,-7.66,-6.01,-4.7,-3.69,-2.86,-0.84,-0.0300000000000011,NaN,2.45,3.89,NaN,7.24,8.03,9.01,10.69
-11.79,NaN,-6.17,-5.15,-3.86,-2.95,NaN,-0.239999999999998,NaN,2.5,NaN,4.89,7.25,7.98,8.78,10.69
-11.79,-8.08,NaN,-5.54,-3.8,-3.06,-0.780000000000001,NaN,NaN,2.26,3.78,4.84,6.73,8.18,NaN,NaN
NaN,-7.73,-5.99,-5.14,-3.75,-2.87,-0.73,NaN,NaN,2.5,NaN,4.96,7.21,7.95,8.99,10.69
-11.79,NaN,-6.26,-5.21,NaN,-3.08,-0.809999999999999,-0.0199999999999996,NaN,2.5,3.92,4.99,7.18,8.21,NaN,NaN
-11.79,-7.38,-6.31,-5.22,NaN,-3.03,NaN,-0.289999999999999,NaN,2.45,3.89,NaN,7.01,8.08,8.88,10.69
-11.79,-7.38,-6.17,NaN,-3.85,-2.94,NaN,-0.289999999999999,1.05,2.49,NaN,5.01,NaN,8.18,NaN,10.69
-11.79,-7.39,NaN,-5.11,-4.02,NaN,-0.879999999999999,-0.16,NaN,2.26,4,NaN,6.81,8.24,NaN,10.69
-11.79,NaN,-6.02,-5.23,NaN,-2.97,-0.949999999999999,-0.149999999999999,NaN,2.44,NaN,4.99,7.03,8.16,8.82,10.69
NaN,NaN,-6.35,NaN,NaN,-3,-0.789999999999999,-0.129999999999999,NaN,2.46,4.03,5.34,7.08,8.13,8.92,10.69
NaN,-7.65,-6.54,NaN,-3.72,NaN,-0.75,NaN,NaN,2.47,4.13,5.18,7.15,8.12,8.95,10.69
-11.79,NaN,-5.93,-4.99,NaN,-2.45,-1.02,NaN,NaN,2.44,3.79,4.95,6.69,8.08,8.74,NaN
NaN,-7.67,NaN,-5.09,-3.83,-2.92,-0.75,NaN,NaN,2.4,3.97,NaN,7.06,8.1,NaN,10.69
-11.79,-7.51,-6.07,-4.8,-3.76,-3.04,-1,NaN,NaN,2.53,NaN,NaN,7.06,8.12,NaN,10.69
-11.79,NaN,-6.21,-5.16,-4.19,-2.88,-0.829999999999998,NaN,NaN,2.57,4.13,4.95,6.72,8.01,NaN,NaN
NaN,-7.4,-5.75,NaN,NaN,-2.85,-0.690000000000001,NaN,NaN,2.39,3.48,NaN,6.99,8.07,NaN,NaN
-11.79,NaN,NaN,-4.78,-3.64,-2.96,NaN,-0.18,NaN,2.5,4.07,5.09,6.75,7.99,9.03,NaN
-11.79,-7.65,-6.06,-5.13,NaN,-3.07,NaN,-0.210000000000001,1,2.42,4.06,NaN,7.23,8.13,8.99,NaN
NaN,-7.73,-5.85,NaN,NaN,-2.98,-0.84,NaN,NaN,2.44,3.91,5.18,7.09,7.96,8.83,NaN
-11.79,NaN,NaN,-5.31,NaN,-3.14,NaN,-0.210000000000001,NaN,NaN,4.17,NaN,7.1,8.06,8.84,10.69
-11.79,-8.11,-6.22,-5.08,-3.87,-2.98,-0.77,NaN,NaN,2.43,3.64,4.95,6.89,8.42,NaN,10.69
NaN,NaN,-6.53,-5.22,NaN,-2.96,NaN,-0.18,NaN,2.45,3.48,NaN,6.84,8.08,NaN,10.69
-11.79,NaN,-5.87,-5.31,-3.84,-2.55,NaN,-0.129999999999999,NaN,2.39,NaN,4.82,6.81,8.19,8.95,10.69
-11.79,-7.78,-6.23,NaN,-3.69,-3.19,-0.82,NaN,NaN,2.51,3.84,5.01,NaN,8.36,NaN,10.69
NaN,-8.1,-6.28,-5.22,-3.77,NaN,-1.02,-0.280000000000001,NaN,2.51,4.04,4.97,NaN,NaN,8.64,10.69
NaN,NaN,-6.41,NaN,-3.8,-3.08,NaN,-0.18,NaN,2.46,NaN,5.43,7.07,7.84,8.91,10.69
-11.79,NaN,-6.27,-5.39,-3.66,-2.94,NaN,-0.289999999999999,NaN,2.46,4.06,NaN,7.2,7.98,8.9,10.69
-11.79,-7.72,-6.15,-5.15,NaN,-3.08,NaN,-0.34,NaN,2.56,3.89,NaN,7.17,8.13,8.82,10.69
-11.79,-7.82,-6.12,-5.04,NaN,-3.1,-0.890000000000001,-0.379999999999999,NaN,2.49,NaN,4.95,7.05,8.12,NaN,NaN
-11.79,NaN,-6.15,-5.11,-3.74,-2.83,NaN,-0.190000000000001,NaN,2.48,3.47,4.85,6.95,8.24,8.97,10.69
-11.79,-7.68,-6.02,NaN,NaN,-2.86,-0.719999999999999,NaN,NaN,2.55,3.41,NaN,7.06,8.01,8.99,NaN
-11.79,-7.68,-5.98,-5.07,-3.82,NaN,-0.789999999999999,-0.300000000000001,NaN,2.55,4,5.04,7.21,8.3,NaN,10.69
NaN,NaN,-6.23,-5.21,NaN,-3.14,-0.809999999999999,0.0799999999999983,NaN,2.03,3.96,NaN,NaN,8.14,9.06,NaN
NaN,-7.65,-6.26,NaN,-3.97,-2.62,NaN,-0.149999999999999,NaN,2.53,4.01,5.08,6.94,7.91,8.94,NaN
NaN,NaN,-6.31,NaN,-3.68,-2.77,-0.899999999999999,NaN,NaN,2.5,4.06,5.43,6.76,8.02,NaN,NaN
NaN,-7.62,-6.58,-5.07,NaN,-2.98,-0.809999999999999,NaN,NaN,2.32,3.71,5.03,7.04,8.13,8.95,10.69
-11.79,-7.44,-5.98,NaN,-3.8,-2.6,-0.870000000000001,NaN,NaN,2.42,NaN,NaN,6.68,8.39,NaN,10.69
-11.79,-7.7,-6,-4.98,NaN,-3.07,-0.91,NaN,NaN,2.51,NaN,4.99,7.22,8.13,NaN,NaN
-11.79,-7.87,-5.79,NaN,-3.9,-2.84,-0.899999999999999,-0.109999999999999,NaN,2.47,NaN,5.02,7.1,7.93,8.58,NaN
-11.79,NaN,-5.96,-5.07,NaN,-3.14,NaN,-0.0599999999999987,0.879999999999999,2.47,3.96,NaN,7.29,8.18,9.03,NaN
NaN,-7.62,-5.99,NaN,-4.06,-2.92,NaN,-0.0599999999999987,NaN,2.54,3.85,5.21,7.14,8.2,NaN,10.69
-11.79,NaN,NaN,-5.21,-3.75,-2.95,-0.859999999999999,NaN,NaN,2.53,3.98,5.17,NaN,8.25,NaN,10.69
-11.79,-7.75,-6.2,NaN,-3.77,-2.98,-0.75,-0.219999999999999,NaN,2.51,3.97,5.08,7.1,7.97,8.83,10.69
-11.79,-7.9,-6.05,NaN,-3.77,-2.91,-0.940000000000001,-0.440000000000001,1.11,2.47,3.91,4.91,7.21,8.21,8.8,10.69
-11.79,-7.88,-6.27,-5.18,-3.86,-2.76,-0.759999999999998,-0.199999999999999,NaN,2.47,3.86,4.93,7.1,7.89,8.9,10.69
-11.79,-7.73,-6,NaN,-3.88,-2.64,-0.759999999999998,NaN,NaN,2.43,3.72,4.86,7.18,8.04,8.91,10.69
-11.79,NaN,-6.34,-5.24,-3.75,-2.91,-0.859999999999999,NaN,NaN,2.49,3.82,NaN,6.63,8.11,NaN,10.69
-11.79,-7.59,-6.26,NaN,-3.93,-3.11,NaN,-0.149999999999999,NaN,2.65,NaN,4.98,7.08,7.93,8.95,10.69
NaN,-7.51,-6.18,NaN,-3.76,-2.72,-1.01,NaN,NaN,2.38,3.55,5.07,7.37,NaN,9.02,NaN
NaN,-7.68,-5.82,-5.18,NaN,-3.04,-0.940000000000001,NaN,0.91,2.61,NaN,5.02,7,8.06,9.02,NaN
NaN,-7.5,-6.46,NaN,-3.89,-2.64,-0.84,-0.349999999999998,NaN,2.5,3.58,4.94,6.9,8.01,8.78,10.69
-11.79,-7.48,-6.34,NaN,-3.79,-2.66,NaN,-0.32,NaN,2.46,3.93,NaN,7.11,8.15,9,10.69
-11.79,NaN,-5.93,-5.12,NaN,-2.98,NaN,-0.0999999999999979,NaN,2.42,4.05,NaN,6.66,8.15,NaN,NaN
-11.79,-7.97,-6.37,-5.22,-3.89,-2.86,-1.13,0.140000000000001,NaN,2.44,3.8,NaN,NaN,NaN,8.82,10.69
-11.79,-7.7,-6.31,NaN,-3.84,-2.91,-0.960000000000001,NaN,NaN,2.35,NaN,5,7.23,NaN,8.91,NaN
-11.79,-7.64,-6.27,NaN,-3.82,-2.48,-0.91,NaN,NaN,2.5,3.92,5.1,7.25,8.07,9.03,10.69
-11.79,NaN,-6.07,-4.71,NaN,-3.01,-0.73,0.0599999999999987,NaN,2.39,3.49,5.5,7.21,8.22,8.98,10.69
-11.79,-7.92,-5.97,NaN,NaN,-3.16,-0.960000000000001,NaN,NaN,2.39,4.03,4.96,NaN,NaN,8.54,NaN
NaN,-7.61,-6.34,-5.18,NaN,-2.84,NaN,-0.419999999999998,NaN,2.43,4.02,4.98,6.74,8.11,NaN,10.69
-11.79,NaN,NaN,-5.19,-3.97,-2.86,NaN,-0.109999999999999,0.890000000000001,2.57,4.05,NaN,7.14,8.1,NaN,10.69
-11.79,NaN,-6.3,-5.27,-4,-2.87,-0.890000000000001,NaN,NaN,2.35,3.66,4.84,6.94,8.04,8.88,NaN
-11.79,-7.66,-6.27,-5.15,-3.78,-2.55,NaN,-0.16,NaN,2.49,4.13,NaN,7.04,8.06,8.97,10.69
NaN,-7.7,-6.31,NaN,-3.79,-2.82,NaN,0.00999999999999801,NaN,2.42,3.96,5.23,7.21,NaN,8.95,10.69
-11.79,-7.69,-6.18,NaN,-4.17,-2.97,-0.780000000000001,-0.0999999999999979,NaN,2.6,4.05,NaN,7.14,8.09,NaN,10.69
-11.79,-7.63,-6.21,NaN,-3.81,NaN,-1.03,-0.359999999999999,NaN,2.36,3.86,4.97,7.26,8.29,8.98,10.69
-11.79,-7.9,-6.16,NaN,-3.81,-2.94,-0.539999999999999,NaN,NaN,2.52,4.02,4.97,6.77,8,8.96,10.69
-11.79,-7.31,-5.89,-5.2,-3.73,-2.98,NaN,-0.370000000000001,NaN,2.4,3.52,4.75,7.04,NaN,8.91,NaN
-11.79,-7.65,-6.31,-5.13,-3.81,-2.43,NaN,-0.27,NaN,2.54,4.06,4.88,NaN,8.03,8.97,NaN
-11.79,-7.82,-5.97,NaN,NaN,-2.88,-0.719999999999999,-0.0700000000000003,NaN,2.57,3.91,5.06,7.2,8.03,NaN,NaN
-11.79,-7.65,-6.58,-5.18,-4.15,NaN,-0.899999999999999,-0.140000000000001,NaN,2.58,NaN,NaN,7.15,8.11,8.99,NaN
NaN,-7.78,NaN,-5.25,NaN,-2.96,-0.84,NaN,NaN,2.44,NaN,5.16,7.04,7.98,8.88,10.69
-11.79,-7.69,-6.23,NaN,NaN,-2.9,-0.82,NaN,NaN,2.44,3.8,NaN,7.17,NaN,8.97,10.69
-11.79,-7.55,-5.9,NaN,NaN,-3.04,-0.59,-0.140000000000001,NaN,2.55,4.02,NaN,6.81,8.17,8.9,10.69
-11.79,NaN,-6.18,-5.29,-3.93,-2.98,-0.849999999999998,NaN,NaN,2.75,NaN,5.09,NaN,8.09,8.86,10.69
-11.79,NaN,NaN,-5.23,-3.95,-3.09,NaN,-0.359999999999999,NaN,2.38,3.83,NaN,7.08,NaN,8.95,NaN
-11.79,NaN,-6.26,-5.26,-3.69,-2.77,-0.93,-0.0500000000000007,NaN,2.51,NaN,4.87,7.23,7.96,9,10.69
-11.79,-7.86,-6.04,-5.13,NaN,-3.17,NaN,-0.329999999999998,NaN,2.66,4.04,4.81,6.92,NaN,8.65,10.69
NaN,NaN,-5.96,-5.1,NaN,-2.88,-0.879999999999999,NaN,NaN,2.45,4.02,5.01,NaN,8.22,NaN,NaN
-11.79,NaN,-6.25,-5.07,NaN,-2.97,NaN,-0.190000000000001,NaN,2.37,4.12,4.97,7.08,8.02,NaN,10.69
-11.79,-7.77,NaN,NaN,-3.83,-2.74,NaN,0.00999999999999801,NaN,2.49,3.96,5.04,NaN,NaN,8.86,10.69
-11.79,-7.63,-6.29,-5.23,-4.05,-3.06,NaN,-0.0399999999999991,NaN,2.5,4.14,NaN,7.02,7.94,8.97,10.69
NaN,NaN,-5.92,-4.98,-3.67,-2.97,-0.91,-0.27,0.989999999999998,2.46,NaN,5.06,NaN,8.26,NaN,10.69
-11.79,-7.66,-5.92,NaN,-3.92,-2.81,-0.989999999999998,NaN,NaN,2.52,NaN,4.92,7.26,8,8.95,10.69
NaN,-7.74,-6.15,NaN,NaN,-2.83,NaN,-0.210000000000001,NaN,2.36,3.86,NaN,7.27,8.32,8.9,10.69
NaN,-7.71,-6.42,-4.75,NaN,-2.96,NaN,-0.190000000000001,0.91,2.46,4.02,5.31,NaN,NaN,8.98,NaN
-11.79,-7.52,-5.98,NaN,-3.76,-2.77,-0.719999999999999,-0.0899999999999999,NaN,2.42,3.69,5,7.14,8.3,NaN,10.69
NaN,-7.91,-6.36,NaN,NaN,-2.72,NaN,-0.41,NaN,2.39,3.82,NaN,6.85,8.11,8.96,10.69
NaN,NaN,-6.32,-5.2,-3.79,-3.03,-0.68,-0.169999999999998,NaN,2.43,3.88,NaN,7.07,7.99,NaN,10.69
-11.79,-8.11,-6.16,-5.24,NaN,-3.14,-0.809999999999999,NaN,NaN,2.41,4.01,5.49,6.9,8.01,8.88,10.69
-11.79,-7.5,-5.82,-5.25,-3.77,-2.53,-0.879999999999999,NaN,NaN,2.47,NaN,NaN,7.13,8.1,8.91,NaN
NaN,-7.71,-6.33,NaN,-3.73,-2.9,-0.93,NaN,NaN,2.44,4.04,5.18,NaN,8.17,9.05,NaN
NaN,-7.79,-5.87,-5.1,-3.64,-3.03,NaN,-0.169999999999998,1.16,2.48,3.72,5.02,6.93,8.08,NaN,10.69
-11.79,-7.53,-6.46,NaN,-3.92,NaN,NaN,NaN,NaN,2.42,3.97,4.85,7.08,8.12,8.79,10.69
-11.79,NaN,-6.26,-4.73,-3.85,-2.87,NaN,-0.419999999999998,NaN,2.32,4.18,NaN,6.94,8.15,NaN,10.69
NaN,-7.84,-6.42,NaN,-3.74,-2.74,NaN,-0.489999999999998,NaN,2.33,4.15,5.07,7.26,8.09,8.92,10.69
NaN,NaN,-5.91,NaN,-3.98,-2.88,NaN,-0.309999999999999,0.82,2.53,NaN,NaN,7.11,7.94,NaN,NaN
NaN,NaN,-6.4,-5.32,NaN,-2.78,NaN,-0.32,NaN,2.47,3.98,4.99,7.08,8.16,9.01,NaN
-11.79,-7.44,NaN,-5.45,-3.7,-2.98,NaN,-0.300000000000001,NaN,2.51,3.69,NaN,7.03,8.15,9.01,10.69
-11.79,NaN,NaN,NaN,-3.59,-2.8,-0.98,NaN,NaN,2.52,NaN,5.03,6.77,8,NaN,NaN
NaN,-8.03,-6.39,NaN,-3.77,-2.44,-0.919999999999998,NaN,NaN,2.63,3.89,4.99,NaN,NaN,8.84,10.69
-11.79,NaN,-5.84,NaN,-3.73,-2.81,NaN,-0.460000000000001,NaN,2.4,3.41,4.88,7.16,8.33,NaN,10.69
-11.79,-7.74,-6.01,-5.17,-3.64,-2.45,-0.789999999999999,-0.190000000000001,NaN,2.47,NaN,NaN,7.43,NaN,8.91,10.69
-11.79,-7.74,-5.94,-4.74,-3.47,-2.55,-0.759999999999998,NaN,NaN,2.47,3.99,5.06,6.85,8.31,NaN,10.69
NaN,-7.73,-5.84,-5.05,-3.8,-2.61,-0.800000000000001,-0.280000000000001,NaN,2.52,3.86,NaN,7.16,8.25,NaN,10.69
NaN,-7.56,-6.26,NaN,NaN,-3.16,-0.890000000000001,NaN,NaN,2.52,4,NaN,NaN,8.13,NaN,NaN
-11.79,-7.56,-6.12,-5.1,NaN,-3.04,NaN,-0.210000000000001,NaN,2.61,4.03,NaN,NaN,8.18,8.94,10.69
NaN,-7.58,-5.8,NaN,NaN,-3.02,-0.68,-0.169999999999998,NaN,NaN,4,NaN,NaN,8.01,NaN,NaN
-11.79,-7.47,-6.1,-5.17,NaN,-2.78,NaN,-0.289999999999999,0.940000000000001,2.82,4.08,5.08,7.03,NaN,9.02,NaN
-11.79,NaN,-6.11,-4.85,NaN,-3.06,-0.84,-0.120000000000001,NaN,2.5,4.09,NaN,7.2,8.22,NaN,10.69
-11.79,-7.56,-5.75,NaN,NaN,-2.63,-0.82,NaN,0.710000000000001,2.61,3.93,5.1,7.19,8.27,8.93,NaN
NaN,-7.65,-5.97,NaN,-4.21,NaN,NaN,-0.18,NaN,2.53,4.03,NaN,7.15,8.07,NaN,NaN
NaN,-7.64,-5.89,NaN,-3.76,-2.8,NaN,-0.27,NaN,2.46,3.9,NaN,7.11,8.07,8.86,10.69
-11.79,-7.53,-6.17,-5.14,-4.23,-2.85,-0.919999999999998,-0.140000000000001,NaN,2.52,NaN,4.76,7.23,8.19,8.98,10.69
-11.79,-8.07,NaN,NaN,NaN,-2.84,-0.609999999999999,NaN,NaN,2.38,3.41,5.24,7.12,8.11,8.68,10.69
-11.79,-7.64,-6.02,-5.2,-3.91,-3.04,NaN,-0.32,NaN,2.55,3.6,NaN,6.87,8.23,NaN,10.69
-11.79,-7.51,-6.47,-4.74,-3.64,-2.79,-1.03,-0.34,NaN,2.35,NaN,4.94,7.02,8.17,NaN,10.69
NaN,-7.75,-6.2,-5.12,-3.9,-3.03,-0.809999999999999,-0.129999999999999,NaN,2.38,4.16,NaN,NaN,7.97,8.87,10.69
NaN,-7.91,-5.9,-5.05,NaN,-3.09,-0.960000000000001,-0.379999999999999,NaN,2.51,NaN,5.06,7.17,8.07,8.8,10.69
-11.79,-8.05,-6.05,-5.24,-3.82,-2.94,-0.890000000000001,NaN,NaN,2.5,NaN,NaN,6.79,7.97,NaN,10.69
NaN,-7.61,-6,NaN,-4.02,NaN,NaN,-0.390000000000001,NaN,2.55,4.05,NaN,NaN,8.25,NaN,10.69
-11.79,NaN,-6.04,NaN,-3.73,-2.87,-0.969999999999999,-0.440000000000001,0.859999999999999,2.44,4.09,NaN,NaN,8.47,NaN,NaN
NaN,-7.5,-6.35,-5.13,NaN,-3.13,NaN,-0.18,NaN,2.53,4.04,NaN,7.05,8.07,8.91,10.69
NaN,-7.67,-5.94,-5.22,-3.79,-2.96,-0.890000000000001,0.0999999999999979,NaN,2.49,3.94,4.92,NaN,8.17,NaN,10.69
NaN,-7.82,-5.92,-5.01,-3.84,-3.07,-0.84,NaN,NaN,2.58,3.58,5.35,6.99,8.03,8.72,NaN
-11.79,-7.43,-5.92,NaN,-3.74,-2.89,-0.949999999999999,-0.390000000000001,NaN,2.37,3.72,4.84,7.07,8.01,9.01,NaN
-11.79,-7.68,NaN,-5.47,-3.77,-2.79,-1.02,-0.259999999999998,NaN,2.17,3.48,4.9,7.02,8.14,8.99,10.69
-11.79,NaN,-5.8,NaN,-3.62,-2.73,NaN,-0.349999999999998,NaN,2.5,4.04,NaN,6.99,8.05,8.96,NaN
-11.79,-7.63,-5.93,-5.08,NaN,-2.89,-0.579999999999998,-0.00999999999999801,NaN,2.49,3.95,5.14,7.17,8.13,8.83,10.69
-11.79,-7.74,-6.19,NaN,-3.95,-2.87,NaN,-0.27,0.859999999999999,2.54,4.19,NaN,7.13,NaN,8.8,NaN
-11.79,-7.58,-5.94,NaN,-3.73,-2.95,-0.960000000000001,-0.329999999999998,0.91,2.31,NaN,NaN,7.14,8.01,8.95,10.69
NaN,-7.65,-6.1,-4.9,NaN,-3.1,NaN,-0.32,NaN,2.47,4.05,NaN,6.78,8.08,9.03,10.69
-11.79,-7.59,-6.09,NaN,-3.7,-3.03,-0.969999999999999,-0.0700000000000003,NaN,2.59,NaN,5.16,6.67,8.13,NaN,NaN
-11.79,-7.61,-6,-5.05,-4.28,-2.81,NaN,-0.0399999999999991,NaN,2.53,3.66,NaN,6.93,NaN,8.87,NaN
-11.79,-7.66,-6.33,-5.2,NaN,-2.73,-0.780000000000001,-0.120000000000001,NaN,2.53,NaN,5.09,6.72,8.01,8.84,NaN
-11.79,NaN,NaN,-5.62,NaN,-2.74,-0.849999999999998,NaN,NaN,2.45,4.08,4.89,6.98,8.13,8.95,NaN
-11.79,-7.53,-6.03,NaN,-3.84,-2.88,-0.829999999999998,-0.289999999999999,NaN,2.41,3.54,4.89,7.15,8.08,NaN,10.69
-11.79,-7.55,-5.93,NaN,-3.8,-2.99,NaN,-0.149999999999999,NaN,2.56,3.75,4.91,6.93,8.06,NaN,NaN
-11.79,NaN,-6.5,NaN,-3.75,-2.64,-0.800000000000001,NaN,NaN,2.59,NaN,5.24,6.95,8.09,NaN,10.69
NaN,NaN,-6.04,NaN,NaN,-3.04,-0.899999999999999,NaN,NaN,2.53,3.89,5.02,6.97,8.06,8.95,10.69
NaN,-7.53,-6.02,-5.12,-3.78,-2.75,NaN,-0.169999999999998,NaN,2.44,NaN,NaN,7.21,8.18,8.91,10.69
-11.79,-7.67,-6.62,NaN,-4.12,-2.96,-0.759999999999998,0.00999999999999801,NaN,2.57,4.05,NaN,7.18,8.01,NaN,NaN
-11.79,NaN,-5.66,NaN,NaN,-2.49,-0.559999999999999,NaN,NaN,2.5,NaN,NaN,6.88,8.16,NaN,10.69
-11.79,NaN,-6.4,-5.06,-3.75,-2.98,NaN,-0.25,NaN,2.47,4.11,4.92,6.86,NaN,8.97,NaN
-11.79,NaN,NaN,-5.22,-3.69,-2.95,-0.859999999999999,-0.390000000000001,NaN,2.53,3.56,5.09,7.01,7.95,9.03,NaN
-11.79,-7.49,NaN,-5.22,NaN,-3.12,-0.77,0.0199999999999996,NaN,2.33,4.01,5.15,7.15,8.04,NaN,10.69
NaN,-7.6,-6.15,-5.4,-3.94,-2.93,NaN,-0.379999999999999,NaN,2.43,3.65,NaN,7.11,8.08,8.89,10.69
-11.79,NaN,-6.08,-5.05,NaN,-3.02,NaN,-0.0399999999999991,NaN,2.54,3.99,5,6.94,8.37,8.93,10.69
-11.79,-7.78,-5.9,-5.04,NaN,-3.13,-1.05,-0.0899999999999999,NaN,2.47,3.85,5.14,7.01,8.07,NaN,NaN
-11.79,NaN,NaN,NaN,-4.08,-2.85,-0.949999999999999,-0.0300000000000011,NaN,2.52,NaN,5.12,6.94,8.3,8.92,10.69
NaN,-7.59,-6.56,-4.81,-3.71,-2.62,-0.960000000000001,-0.41,NaN,2.42,NaN,5.47,7.04,8.07,8.96,NaN
-11.79,-7.55,-5.73,NaN,-3.71,-2.85,-0.77,-0.149999999999999,NaN,2.52,3.91,4.99,7.02,8.15,NaN,10.69
-11.79,-7.68,-6.27,-5.2,NaN,-2.91,-1.08,-0.25,0.84,2.61,NaN,NaN,7.2,8.05,8.99,10.69
NaN,-7.81,-6.32,-4.72,-3.79,-2.87,NaN,-0.259999999999998,0.84,2.47,4.09,NaN,7.07,NaN,8.74,NaN
-11.79,-7.43,NaN,-5.25,-3.79,-2.72,NaN,-0.219999999999999,NaN,2.45,NaN,5.38,6.96,8.06,8.91,10.69
-11.79,NaN,-6.22,-5.25,NaN,-3.05,NaN,-0.27,0.879999999999999,2.48,4.08,NaN,6.99,NaN,8.59,NaN
-11.79,-7.73,-6.27,-5.41,NaN,-2.63,NaN,-0.129999999999999,NaN,2.41,3.65,4.96,7.07,8,NaN,10.69
-11.79,-8.1,-6.13,-5.17,NaN,-3.05,-0.84,NaN,NaN,2.37,3.85,5.09,NaN,8.12,NaN,10.69
-11.79,NaN,-6.07,-5.26,-3.7,-2.74,NaN,-0.280000000000001,NaN,2.56,3.94,4.83,6.74,NaN,8.76,10.69
NaN,NaN,-6.27,-5.22,-3.78,-2.94,-0.949999999999999,-0.239999999999998,NaN,2.47,NaN,5.05,6.9,8.1,NaN,NaN
-11.79,-7.49,NaN,-5.25,NaN,NaN,-0.710000000000001,NaN,NaN,2.59,3.88,NaN,6.97,8.09,NaN,10.69
NaN,-7.75,-5.76,-4.99,NaN,-2.69,-0.789999999999999,NaN,NaN,2.58,3.93,NaN,7.05,8.13,8.91,10.69
-11.79,-7.43,-6.08,-5.15,-3.91,-2.89,-0.609999999999999,NaN,NaN,2.56,3.69,NaN,6.96,8.3,8.86,10.69
-11.79,-7.44,-6.09,NaN,-3.88,-3.05,-0.84,0.0300000000000011,NaN,2.55,3.79,4.7,NaN,8.41,8.94,10.69
NaN,-7.72,-6.17,-4.99,-3.79,-2.54,NaN,-0.219999999999999,NaN,2.43,4.08,5,7.12,8.39,8.99,10.69
-11.79,-8.04,-5.76,NaN,-3.61,-2.8,NaN,-0.239999999999998,NaN,2.51,3.86,4.97,7.04,NaN,8.87,NaN
NaN,-7.63,-6.36,NaN,-3.93,-2.9,NaN,-0.239999999999998,NaN,2.4,4.13,NaN,NaN,8.07,8.93,10.69
-11.79,-7.66,-5.98,NaN,-3.92,-2.71,-0.919999999999998,-0.300000000000001,NaN,2.57,3.85,5.07,6.9,NaN,8.96,NaN
NaN,-7.56,-6.37,NaN,-3.79,-3.02,NaN,-0.210000000000001,NaN,2.48,3.83,NaN,7.06,8.05,8.97,10.69
NaN,-7.73,NaN,-5.34,-3.81,-3.01,NaN,-0.0599999999999987,0.890000000000001,2.52,3.46,NaN,7.13,8.16,NaN,10.69
-11.79,-7.53,-5.77,-4.83,NaN,-2.98,-1.05,-0.210000000000001,NaN,2.47,3.98,NaN,7.06,8.02,9.01,NaN
-11.79,-7.57,NaN,-5.48,-3.84,-2.85,NaN,-0.259999999999998,NaN,2.45,3.81,4.99,7.21,8.1,NaN,NaN
-11.79,-7.59,-6.13,-5.26,-3.8,-2.76,NaN,-0.219999999999999,NaN,2.37,3.71,NaN,7.04,8.12,9.01,10.69
-11.79,-7.97,-6.33,-5.15,NaN,-2.99,-0.82,NaN,NaN,2.51,NaN,NaN,NaN,NaN,8.97,10.69
-11.79,NaN,-6.24,-5.08,NaN,-2.93,-1.06,-0.199999999999999,NaN,2.51,4.05,4.91,NaN,8.01,8.84,NaN
-11.79,-7.55,-5.88,-5.26,NaN,-3.05,-0.879999999999999,-0.18,NaN,2.52,NaN,4.87,7.12,7.96,8.93,NaN
-11.79,-7.71,-5.87,-5.2,-3.72,-2.93,NaN,-0.309999999999999,NaN,2.46,4,NaN,6.96,8.15,NaN,10.69
-11.79,NaN,-5.89,-5.17,NaN,-2.95,-0.759999999999998,NaN,NaN,2.45,3.97,4.99,7.01,NaN,8.84,10.69
-11.79,-7.5,-6.05,NaN,NaN,-2.74,-0.800000000000001,-0.199999999999999,NaN,2.55,NaN,NaN,7.12,8.15,NaN,10.69
NaN,-7.59,-6.01,NaN,-3.81,-2.69,-0.93,-0.41,NaN,2.56,3.48,4.81,7.03,8.08,NaN,NaN
NaN,NaN,-5.93,-4.87,-3.75,-2.62,-0.899999999999999,NaN,NaN,2.39,3.62,4.68,6.88,8.16,8.93,NaN
NaN,-7.82,-5.92,NaN,-3.72,NaN,NaN,-0.440000000000001,NaN,2.42,4.14,NaN,7.12,8.49,NaN,10.69
NaN,-7.85,-6.4,-5.21,-3.85,-2.74,-0.91,NaN,NaN,2.22,3.87,NaN,6.58,8.11,8.98,10.69
-11.79,-7.5,-6.37,-4.89,-4.15,-3.25,-0.640000000000001,NaN,NaN,2.33,4.02,NaN,6.66,8.35,NaN,10.69
NaN,-8.06,-6.05,-5.15,-3.96,-2.93,NaN,-0.329999999999998,NaN,2.4,NaN,NaN,6.76,7.89,8.96,NaN
-11.79,NaN,-6.09,-5.16,-3.85,-2.9,-0.859999999999999,NaN,NaN,2.39,NaN,NaN,6.9,8.12,NaN,10.69
NaN,-7.69,-6.02,NaN,-4.05,-3.02,NaN,-0.0999999999999979,NaN,2.52,3.68,5.06,7.11,8.12,NaN,10.69
-11.79,-7.54,-5.79,NaN,-3.82,-2.68,-0.829999999999998,NaN,NaN,2.56,3.9,NaN,7.11,8.09,NaN,10.69
NaN,NaN,-6.23,-5.18,-3.8,-3.12,-0.890000000000001,NaN,0.890000000000001,2.55,3.86,NaN,6.98,NaN,8.89,10.69
-11.79,NaN,-6.03,NaN,NaN,-3.11,-0.739999999999998,-0.219999999999999,NaN,2.71,NaN,5.11,6.77,NaN,8.84,10.69
NaN,NaN,-6.11,-5.19,NaN,-3.03,-1.09,-0.370000000000001,NaN,2.44,3.99,NaN,6.98,8.12,NaN,10.69
-11.79,NaN,-6.18,-5.2,-3.71,-2.93,-0.890000000000001,NaN,NaN,2.15,3.71,5.03,6.93,8.03,8.64,NaN
NaN,-7.62,-6.17,-5.14,-4.03,-2.92,-0.940000000000001,-0.0999999999999979,NaN,2.57,NaN,NaN,6.94,8.05,8.96,10.69
NaN,-7.77,-6.24,-4.9,-3.88,-2.83,NaN,-0.16,NaN,2.47,4.11,4.94,NaN,8.42,NaN,10.69
NaN,-7.78,-6.14,-4.74,-3.82,-2.59,-0.859999999999999,-0.0500000000000007,NaN,2.47,3.82,5.09,7.22,8.19,NaN,10.69
NaN,NaN,-6.22,-5.17,-3.86,-2.8,NaN,-0.359999999999999,NaN,2.53,4.05,5.15,7,8.04,NaN,10.69
-11.79,-7.59,-6.28,-5.22,-3.72,-2.91,-0.879999999999999,NaN,NaN,2.43,3.92,5.03,7.16,8.1,NaN,10.69
-11.79,NaN,-6.43,NaN,-3.74,-2.51,NaN,-0.16,NaN,2.49,4.05,5.14,7.03,NaN,NaN,10.69
NaN,NaN,-6.24,-5.17,-3.99,-3,NaN,-0.259999999999998,0.829999999999998,2.45,4.02,NaN,NaN,8.17,NaN,10.69
NaN,-7.67,-5.88,NaN,-3.67,-2.79,-1.03,-0.489999999999998,0.969999999999999,2.46,3.91,4.72,7.09,8.25,NaN,10.69
-11.79,NaN,-5.94,-5.31,-3.92,-3.13,NaN,-0.289999999999999,NaN,2.68,4,4.81,6.86,8.19,NaN,10.69
-11.79,-7.81,-6.32,-5.28,NaN,-2.97,-1.03,-0.419999999999998,NaN,2.55,NaN,4.92,7.13,NaN,8.67,NaN
-11.79,-7.48,-5.93,-4.92,-4.04,-3.07,-0.710000000000001,-0.27,NaN,2.54,4.12,4.93,7.01,8.07,8.96,NaN
NaN,-7.74,-6.35,-5.16,-3.83,-2.47,-0.899999999999999,NaN,NaN,2.42,NaN,5.02,7.06,NaN,8.85,10.69
-11.79,-7.54,-6.48,-5.16,NaN,-2.97,-0.789999999999999,NaN,NaN,2.47,3.78,5.06,7.1,8.07,NaN,10.69
NaN,-7.56,-6.18,NaN,NaN,-3.1,NaN,-0.370000000000001,NaN,2.48,3.86,NaN,6.99,8.17,NaN,NaN
-11.79,NaN,-6.08,-5.09,NaN,-2.94,-1.06,-0.25,NaN,2.44,3.92,4.99,NaN,8.32,NaN,10.69
NaN,-7.75,-6.08,NaN,-3.94,-2.78,-0.73,NaN,NaN,2.4,3.62,NaN,7.02,8.12,8.96,10.69
-11.79,-7.56,-6.25,-5.24,NaN,-2.99,-0.68,NaN,NaN,2.5,NaN,5.13,7.15,8,NaN,NaN
-11.79,NaN,-6.28,NaN,-3.82,-2.69,-0.91,NaN,NaN,2.32,3.94,4.97,6.91,8.12,8.93,NaN
NaN,-7.72,-6.1,NaN,NaN,-3,NaN,-0.41,NaN,2.57,4.06,NaN,6.94,8.14,NaN,NaN
NaN,-7.69,-6.28,NaN,NaN,-3.05,-0.829999999999998,-0.0799999999999983,NaN,2.47,3.85,NaN,6.91,8.11,NaN,10.69
NaN,-7.71,-6.15,-5.16,-3.77,-3.01,-1.09,-0.25,NaN,2.52,4.08,4.85,NaN,8.41,NaN,10.69
NaN,-7.87,-6.01,-4.97,NaN,-3.04,-0.91,NaN,NaN,2.49,3.77,5.05,7.09,NaN,8.75,10.69
-11.79,NaN,-6.2,NaN,-3.84,-3,NaN,-0.16,0.870000000000001,2.62,NaN,4.79,6.7,8.02,9.04,NaN
NaN,-7.89,-5.66,NaN,-3.77,-2.5,-0.899999999999999,0.00999999999999801,NaN,2.44,NaN,NaN,6.8,NaN,8.95,10.69
NaN,-7.62,-6.56,-5.22,-3.72,-2.7,-0.84,-0.210000000000001,NaN,2.47,3.91,NaN,7.13,8.06,NaN,10.69
-11.79,-7.6,-5.99,-5.02,-3.74,-2.77,-0.710000000000001,NaN,NaN,2.49,NaN,4.81,6.99,8.1,NaN,10.69
NaN,-7.95,-6.19,NaN,-3.93,-2.83,-0.940000000000001,NaN,NaN,2.45,3.41,5.49,7.41,NaN,8.95,10.69
-11.79,-8,-5.97,-5.07,NaN,-3.06,NaN,-0.390000000000001,NaN,2.5,NaN,4.95,6.75,8.03,8.77,10.69
-11.79,-7.55,-6.15,-5.08,-3.83,-3.05,NaN,-0.309999999999999,0.84,2.45,3.64,NaN,7.06,8.02,NaN,10.69
-11.79,-7.75,-5.89,-5.06,-3.99,-2.94,-0.829999999999998,-0.0999999999999979,NaN,2.41,3.87,5.12,NaN,NaN,8.87,10.69
-11.79,-7.7,-5.83,-5.22,NaN,-3.03,-1,0.0300000000000011,NaN,2.31,3.89,4.86,7.25,NaN,8.93,NaN
-11.79,-7.78,-6.33,-4.76,-3.78,-2.46,-0.66,NaN,NaN,2.27,4.05,4.89,NaN,8.46,NaN,10.69
-11.79,NaN,-6.15,-5.62,-3.75,-2.98,-0.859999999999999,NaN,NaN,2.47,NaN,NaN,6.88,7.98,8.61,NaN
-11.79,-7.44,NaN,-5.27,NaN,-3.01,NaN,-0.390000000000001,0.879999999999999,2.32,3.59,4.95,7.09,8.19,8.85,10.69
NaN,-7.96,-5.92,NaN,NaN,-2.99,-0.870000000000001,NaN,0.43,2.52,4.06,4.97,NaN,NaN,8.86,10.69
-11.79,-7.45,-6.27,-5.05,NaN,-3.04,NaN,-0.219999999999999,NaN,2.51,3.79,NaN,7.14,7.96,NaN,NaN
NaN,-7.74,-6.21,NaN,-4.05,-2.99,-0.579999999999998,NaN,NaN,2.48,4.14,NaN,7.18,8.04,8.83,10.69
-11.79,NaN,-6.48,-5.23,-4.06,-3.04,-0.829999999999998,-0.0599999999999987,0.919999999999998,2.44,NaN,4.93,NaN,8.18,8.94,10.69
NaN,-7.58,-5.9,NaN,NaN,-2.92,NaN,-0.300000000000001,NaN,2.4,4.02,NaN,6.93,8.07,9.05,NaN
-11.79,-7.85,-5.98,-4.82,NaN,-3.09,-1.08,0.169999999999998,NaN,2.52,3.87,NaN,NaN,NaN,9.02,NaN
NaN,-7.65,-5.96,NaN,NaN,-3,-0.759999999999998,-0.0999999999999979,NaN,2.38,NaN,NaN,7.09,8.14,NaN,NaN
NaN,-7.7,-5.81,NaN,NaN,-3.15,NaN,-0.109999999999999,NaN,2.51,NaN,5.01,7.08,8.03,8.93,10.69
NaN,-7.66,-6.14,-5.15,NaN,-2.88,-0.890000000000001,-0.239999999999998,NaN,2.5,NaN,4.94,7.09,7.98,8.89,NaN
NaN,-7.74,-5.89,-5.12,NaN,-2.9,-0.719999999999999,0.0300000000000011,0.899999999999999,2.36,3.94,4.92,NaN,7.95,8.71,NaN
-11.79,-7.56,-6.31,-5.25,-3.86,-3.01,-0.789999999999999,-0.16,NaN,2.51,3.98,NaN,7.21,8.14,NaN,10.69
NaN,-7.71,-6.17,NaN,-3.7,-2.79,NaN,-0.169999999999998,NaN,2.4,3.51,NaN,7.09,7.91,8.99,NaN
NaN,-7.7,-6.3,-5.11,-3.93,-2.92,NaN,-0.199999999999999,NaN,2.55,3.98,5.11,7.28,NaN,8.99,10.69
-11.79,-7.69,-6.33,-5.18,-3.79,-2.42,-0.719999999999999,0.0199999999999996,NaN,2.38,3.89,4.94,NaN,NaN,8.74,10.69
-11.79,NaN,NaN,NaN,NaN,-2.47,-0.849999999999998,-0.0999999999999979,NaN,2.54,NaN,4.85,7.1,8.29,8.94,10.69
-11.79,-7.81,-6.3,-5.09,-3.76,-2.99,-0.710000000000001,NaN,NaN,2.46,NaN,NaN,6.91,7.92,NaN,10.69
NaN,-7.41,-5.91,NaN,-4.01,-2.94,NaN,-0.300000000000001,NaN,2.4,3.41,4.91,6.85,8.16,9,NaN
-11.79,-7.32,-6.26,-4.8,-3.95,-2.72,NaN,-0.0999999999999979,NaN,2.59,3.98,5.09,NaN,8.22,NaN,10.69
-11.79,-7.66,-6.56,-5.37,-4.05,-2.88,-0.890000000000001,0.0300000000000011,NaN,2.54,3.9,NaN,7.16,8.05,NaN,10.69
-11.79,NaN,-6.37,NaN,NaN,-2.98,NaN,0,NaN,2.53,NaN,NaN,NaN,8.15,NaN,10.69
-11.79,-7.9,-5.9,-5.23,-3.86,-2.56,-0.949999999999999,-0.190000000000001,NaN,2.48,4.02,4.89,7.13,8.01,8.78,10.69
-11.79,-7.6,-6.35,-5.08,-4.09,-2.78,NaN,-0.16,NaN,2.24,3.46,NaN,7.23,NaN,8.93,10.69
-11.79,-7.57,-5.94,NaN,-3.86,-2.85,-0.969999999999999,NaN,NaN,2.53,3.47,NaN,NaN,8.05,NaN,NaN
-11.79,-7.38,-5.96,-5.18,NaN,-3.19,-0.68,0.219999999999999,NaN,2.46,3.9,NaN,NaN,8.14,NaN,NaN
-11.79,NaN,-6.32,NaN,-3.8,-2.99,-0.859999999999999,-0.0999999999999979,0.829999999999998,2.43,4.01,5.1,6.97,8.2,8.85,10.69
NaN,-7.57,NaN,NaN,-3.99,-2.88,-0.960000000000001,-0.0500000000000007,NaN,2.41,3.51,NaN,NaN,8.09,NaN,10.69
-11.79,NaN,-6.28,-5.15,-3.93,-3.02,-0.969999999999999,-0.0300000000000011,NaN,2.33,3.47,4.84,6.62,8.01,8.86,NaN
-11.79,-7.67,-6.24,-5.04,-3.88,-2.92,-0.75,-0.259999999999998,NaN,2.27,3.84,4.95,7.22,8.09,NaN,10.69
-11.79,-7.75,-5.93,-5.19,-4.12,-2.92,-0.98,NaN,NaN,2.55,4.02,4.89,6.97,NaN,8.65,10.69
-11.79,-7.62,-6.49,-5.29,NaN,-3.01,-0.91,NaN,NaN,2.6,NaN,NaN,7.05,7.98,NaN,NaN
-11.79,NaN,-6.29,-5.17,-3.77,-2.95,-0.620000000000001,NaN,0.849999999999998,NaN,3.46,NaN,6.76,8.01,NaN,NaN
NaN,-7.71,-6.01,-4.94,NaN,-3.06,NaN,-0.0899999999999999,NaN,2.48,4.05,NaN,7.2,8.15,NaN,10.69
-11.79,-7.47,NaN,-5.56,-3.84,-2.78,-0.68,-0.0199999999999996,NaN,2.43,NaN,NaN,6.97,8.08,8.88,10.69
NaN,-7.68,-6.28,-5.27,NaN,-3.02,NaN,-0.219999999999999,NaN,2.44,3.86,NaN,NaN,NaN,8.91,10.69
-11.79,-7.74,-6.07,NaN,-3.89,-2.84,NaN,-0.190000000000001,NaN,2.48,NaN,4.83,NaN,8.3,8.85,10.69
-11.79,-7.56,-6.17,-5.14,-3.88,-2.97,-0.879999999999999,-0.0199999999999996,NaN,2.55,3.81,5.01,7.32,8.13,8.95,10.69
-11.79,-7.79,-6.43,-5.24,-3.76,-2.87,-0.93,-0.109999999999999,NaN,2.67,NaN,4.96,NaN,7.83,NaN,NaN
NaN,NaN,NaN,-5.3,-3.99,-2.71,-0.690000000000001,NaN,NaN,2.44,4.3,NaN,6.72,NaN,8.71,10.69
-11.79,NaN,-6.25,-5.24,-3.73,-2.59,NaN,-0.190000000000001,0.43,2.54,NaN,NaN,6.87,8.14,8.92,10.69
NaN,-7.72,NaN,-5.09,NaN,-3,-0.879999999999999,-0.149999999999999,NaN,2.46,NaN,5.12,7.22,8.1,NaN,10.69
NaN,-7.73,-5.94,NaN,-3.79,-2.8,-0.73,NaN,0.599999999999998,2.59,NaN,4.81,7.13,8.1,NaN,NaN
-11.79,-7.78,-6.23,-5.18,NaN,-2.72,NaN,-0.34,NaN,2.55,3.9,NaN,7.03,7.95,8.94,10.69
NaN,-7.78,-6.25,NaN,NaN,-3.02,NaN,-0.34,NaN,2.49,3.95,NaN,7.13,8.05,NaN,10.69
-11.79,-7.84,-6.44,NaN,-3.81,-2.55,NaN,-0.419999999999998,1.11,2.57,3.85,5.04,NaN,7.81,8.83,NaN
NaN,-7.68,-6.12,NaN,-3.85,-2.62,-0.949999999999999,NaN,1.01,2.41,NaN,4.77,7.21,NaN,8.99,NaN
NaN,NaN,-6.14,NaN,-3.71,-3.08,NaN,-0.190000000000001,NaN,2.47,3.87,NaN,7.15,8.17,8.94,10.69
-11.79,NaN,-6.21,-5.19,-3.83,-2.79,NaN,-0.390000000000001,NaN,2.65,4.08,5.16,6.92,7.89,9.02,NaN
-11.79,-7.31,NaN,-5.26,NaN,-3.02,NaN,-0.0599999999999987,NaN,2.52,3.97,4.99,7.04,8.07,NaN,NaN
-11.79,-7.84,-6.28,-5.16,-3.81,-3.04,-0.809999999999999,NaN,NaN,2.51,3.83,5.5,6.99,NaN,NaN,NaN
NaN,-7.64,-6.13,NaN,NaN,-3.19,NaN,-0.0199999999999996,0.690000000000001,2.4,3.59,5.08,7.24,8.07,8.91,10.69
NaN,-7.82,-6.09,NaN,-3.91,-3.01,-0.849999999999998,0.0500000000000007,NaN,2.37,3.93,5.06,6.62,8.32,8.9,10.69
-11.79,-7.51,-5.9,-5.27,NaN,-3.13,-0.780000000000001,-0.219999999999999,NaN,2.57,4.06,NaN,6.85,8.1,8.99,10.69
-11.79,-7.59,-6.15,-5.03,-3.71,-2.66,-0.91,-0.32,NaN,2.39,4.05,4.96,7.21,8.07,8.84,NaN
-11.79,NaN,-6.43,-5.28,NaN,-3.11,NaN,-0.390000000000001,NaN,2.48,4.02,NaN,6.94,8.05,NaN,10.69
NaN,-7.68,-6.17,-4.97,-3.74,-3.02,-1.08,NaN,0.890000000000001,2.5,3.97,4.9,7.25,NaN,8.98,10.69
NaN,NaN,NaN,-5.27,NaN,-3.02,-0.84,NaN,NaN,2.46,3.56,NaN,6.77,8.06,8.77,10.69
NaN,-7.66,-6.36,-4.72,-3.63,-3.08,-0.539999999999999,-0.120000000000001,NaN,2.57,4.04,NaN,7.25,NaN,8.91,NaN
NaN,NaN,-6.17,NaN,-3.84,-2.89,NaN,-0.419999999999998,NaN,2.57,3.96,5.44,6.8,8.28,8.97,10.69
-11.79,-7.58,-6.35,-5.01,-3.68,-2.64,NaN,0,NaN,2.39,3.97,5.01,7.05,8.18,8.9,10.69
-11.79,NaN,-5.9,-5.04,NaN,-3.04,NaN,-0.440000000000001,NaN,2.49,3.92,4.9,7.09,8.25,8.91,10.69
-11.79,-7.67,-5.98,-5.23,-3.84,-2.88,-0.739999999999998,NaN,NaN,2.49,NaN,4.96,7.13,7.97,NaN,10.69
-11.79,-7.57,NaN,-5.25,NaN,-3.01,-0.870000000000001,0.140000000000001,NaN,2.64,3.73,NaN,7.12,8.08,NaN,NaN
-11.79,NaN,NaN,-5.34,-3.79,-3.03,-0.93,0.0500000000000007,NaN,2.36,3.91,4.96,7.02,7.95,NaN,NaN
-11.79,NaN,NaN,-5.23,-3.82,-2.98,-0.82,NaN,NaN,2.58,NaN,4.84,6.65,8.29,NaN,10.69
-11.79,-7.38,NaN,-5.31,-3.77,-2.9,NaN,-0.199999999999999,NaN,2.55,4.01,5,6.93,8.15,NaN,NaN
NaN,-7.65,-6.25,NaN,NaN,-2.73,NaN,-0.34,0.77,2.38,NaN,5.29,6.74,8.08,NaN,10.69
NaN,-7.67,-6.37,-5.15,-3.86,-3.02,-0.969999999999999,-0.149999999999999,NaN,2.48,3.96,4.91,7.19,NaN,8.68,NaN
-11.79,-7.43,-6.57,-5.13,NaN,-2.95,-0.629999999999999,-0.109999999999999,NaN,2.59,NaN,5.06,7.02,8.02,NaN,NaN
-11.79,-7.54,-6.39,NaN,-3.9,-2.9,-0.890000000000001,NaN,NaN,2.53,NaN,4.99,6.87,8.04,8.74,NaN
-11.79,-7.67,-6.29,-4.86,-3.73,-2.69,-0.809999999999999,-0.300000000000001,NaN,2.41,4.02,5.19,7.17,NaN,8.88,NaN
NaN,-8.12,-6.41,-5.19,NaN,-3.02,-0.960000000000001,0.0899999999999999,NaN,2.23,4.06,4.96,6.82,NaN,8.84,10.69
-11.79,NaN,NaN,-5.25,NaN,-3.02,-0.960000000000001,NaN,0.940000000000001,2.53,NaN,4.81,7.16,8.07,NaN,NaN
-11.79,-7.49,-6.09,NaN,-3.95,-3.13,-0.809999999999999,-0.32,0.960000000000001,2.49,4.07,NaN,6.97,8.15,9.03,NaN
NaN,NaN,-5.8,-4.85,NaN,-2.89,NaN,-0.349999999999998,NaN,2.6,NaN,5.5,6.91,8.14,8.98,10.69
-11.79,NaN,NaN,-5.22,-3.86,-2.81,-0.809999999999999,-0.0399999999999991,1.02,2.37,3.75,5.2,6.99,8.12,8.99,10.69
-11.79,-7.74,-5.98,NaN,-3.86,NaN,NaN,-0.41,NaN,2.04,3.98,4.99,NaN,8.14,NaN,NaN
-11.79,-7.6,-5.96,-5.12,NaN,-2.93,-0.890000000000001,0.199999999999999,NaN,2.61,3.49,4.96,6.85,8.17,NaN,10.69
-11.79,-7.19,-5.7,NaN,NaN,-2.8,NaN,NaN,NaN,2.5,3.91,NaN,6.97,8.14,8.8,10.69
-11.79,-7.77,-5.97,-5.1,-3.83,-3.07,-0.949999999999999,NaN,0.870000000000001,2.49,3.85,NaN,6.99,8.23,8.88,10.69
-11.79,-7.7,-6.01,-5,-3.93,-2.97,-0.539999999999999,NaN,NaN,2.49,3.79,4.9,7.19,8.05,8.92,10.69
-11.79,-7.61,-5.98,NaN,NaN,-3.14,-0.59,NaN,NaN,2.73,4,4.86,7.08,8,8.96,NaN
NaN,-7.76,-6.26,-5.05,-3.87,-2.96,-0.739999999999998,NaN,NaN,2.23,4.03,5.02,6.56,8.06,8.94,10.69
-11.79,-7.87,NaN,-5.46,NaN,-3.05,NaN,-0.0999999999999979,1,2.57,NaN,4.83,7.04,7.95,8.86,10.69
-11.79,NaN,NaN,-5.28,-3.95,-2.9,-0.989999999999998,-0.120000000000001,NaN,2.45,3.59,NaN,7.09,NaN,NaN,10.69
-11.79,NaN,-5.8,-5.23,-3.95,-2.97,-0.989999999999998,0.109999999999999,NaN,2.41,3.79,4.99,6.92,8.22,NaN,10.69
-11.79,NaN,NaN,-5.25,-3.97,-3.03,-0.859999999999999,0.109999999999999,NaN,2.4,4.08,4.98,6.94,8.19,NaN,10.69
-11.79,-7.58,-5.8,-5.28,-4.01,-2.88,-1.05,-0.0199999999999996,NaN,2.5,NaN,NaN,7.08,7.99,8.94,10.69
-11.79,NaN,-6.32,-5.27,-3.85,-2.93,NaN,-0.0500000000000007,NaN,2.43,NaN,4.95,7.25,8.12,9.04,10.69
-11.79,-7.67,-5.84,NaN,NaN,-3.03,NaN,-0.239999999999998,NaN,2.35,4.05,4.93,7.12,8.01,8.96,10.69
-11.79,-7.62,-6.56,-4.86,NaN,-2.8,-0.699999999999999,-0.219999999999999,1.02,2.52,4.01,NaN,NaN,8.13,NaN,NaN
-11.79,NaN,-6.01,-4.87,-3.86,-2.99,NaN,-0.25,NaN,2.45,3.9,NaN,7.21,8.4,NaN,NaN
NaN,-7.79,-6.21,-5.03,NaN,-2.94,-0.620000000000001,NaN,NaN,2.4,4.01,NaN,6.92,8.12,8.89,10.69
-11.79,-7.81,-6.03,NaN,NaN,-2.51,-0.940000000000001,-0.199999999999999,NaN,NaN,3.91,5.16,6.97,8.34,NaN,NaN
NaN,-7.68,-6.45,NaN,-4.02,-2.91,NaN,-0.210000000000001,NaN,2.49,4.25,NaN,7.17,8.01,NaN,NaN
-11.79,NaN,-6.15,-5,NaN,-2.86,-0.710000000000001,NaN,0.710000000000001,2.56,NaN,4.95,6.81,8.11,NaN,10.69
-11.79,-7.78,-6.18,NaN,-3.87,-3.03,NaN,-0.419999999999998,NaN,2.51,4.06,NaN,7.05,8.07,NaN,10.69
NaN,-7.71,-6.16,-5.08,-3.8,-3.07,NaN,-0.210000000000001,NaN,2.52,NaN,4.81,6.64,8.12,NaN,10.69
-11.79,-7.44,-6.43,-5.17,-3.65,-2.79,-0.82,-0.120000000000001,NaN,2.44,3.88,5.01,7.03,8.13,NaN,NaN
-11.79,-7.69,-6.19,-5.11,-3.91,NaN,NaN,-0.190000000000001,NaN,2.24,4.13,4.94,6.79,NaN,8.92,10.69
-11.79,-7.72,-6.29,-4.75,NaN,-2.86,-0.949999999999999,-0.34,NaN,2.4,4.06,5.4,6.85,8.08,NaN,10.69
NaN,-8.11,-6.06,-5.15,NaN,-2.87,NaN,-0.25,NaN,2.37,NaN,4.97,6.91,8.04,8.61,NaN
NaN,-7.85,-5.95,-5.22,-3.8,-2.77,NaN,-0.309999999999999,NaN,2.47,3.82,4.9,7.05,8.09,8.76,10.69
NaN,NaN,NaN,NaN,-4.14,-2.84,-1.02,-0.0899999999999999,NaN,2.46,3.71,5.05,6.9,8.34,NaN,NaN
-11.79,-7.66,-6.23,NaN,-3.88,-2.8,NaN,-0.219999999999999,NaN,2.47,4.16,NaN,6.63,8.32,8.76,10.69
NaN,-7.7,NaN,-5.03,-3.8,-2.61,-0.719999999999999,NaN,NaN,2.46,3.78,5.18,NaN,8.33,NaN,10.69
-11.79,-7.68,-6.54,-5.12,-3.8,-2.94,-0.620000000000001,NaN,NaN,2.52,NaN,4.84,7.15,NaN,8.87,10.69
-11.79,-7.7,-5.76,-5.25,-3.87,-2.98,-1.1,-0.300000000000001,NaN,2.26,NaN,NaN,7.1,7.97,8.97,NaN
-11.79,-7.78,NaN,-5.55,NaN,-2.8,-0.859999999999999,NaN,NaN,2.28,4.03,4.99,7.18,8.06,NaN,10.69
NaN,-7.65,-5.99,NaN,-3.78,-3.09,NaN,-0.349999999999998,0.91,2.44,4.05,NaN,6.91,8.13,8.97,10.69
-11.79,-7.64,-6.46,NaN,NaN,-3,-0.91,NaN,NaN,2.5,4.26,NaN,NaN,7.87,8.91,NaN
-11.79,-7.43,-6.3,NaN,-3.76,-3,-0.699999999999999,NaN,NaN,2.59,NaN,5.08,NaN,8.13,NaN,10.69
-11.79,NaN,-5.84,-5.15,-3.81,-2.98,-1.03,-0.359999999999999,NaN,2.47,3.65,4.98,7.07,8.02,NaN,NaN
NaN,NaN,-6.1,NaN,-3.92,NaN,-0.789999999999999,NaN,NaN,2.5,3.97,NaN,6.93,8.04,8.96,10.69
NaN,-7.7,-5.92,NaN,NaN,-2.75,NaN,-0.0300000000000011,NaN,2.53,NaN,NaN,7.11,7.97,8.9,10.69
NaN,-7.76,-5.92,NaN,NaN,-3.01,-0.84,NaN,NaN,2.3,3.98,NaN,7.24,8.15,8.82,10.69
NaN,-7.99,-5.86,NaN,NaN,-2.92,-1.06,-0.34,NaN,2.48,3.72,5.02,NaN,NaN,8.65,10.69
NaN,NaN,-6.18,NaN,NaN,-3.1,NaN,-0.23,NaN,2.58,4.07,NaN,6.97,NaN,9.04,NaN
NaN,-7.75,-6.38,-5.07,NaN,-3.07,-0.52,NaN,NaN,2.58,4,4.97,7.08,7.96,8.99,10.69
NaN,-7.79,-5.93,NaN,-3.55,-2.88,-0.91,NaN,NaN,2.45,3.88,NaN,NaN,7.96,NaN,NaN
-11.79,NaN,-6.2,-5.06,-3.84,-2.97,-0.969999999999999,0.199999999999999,NaN,2.59,NaN,NaN,7.16,NaN,8.84,10.69
NaN,NaN,-5.87,-5.27,-3.75,NaN,-0.919999999999998,NaN,NaN,2.62,NaN,NaN,6.87,8.2,NaN,10.69
NaN,-7.74,-5.95,-5.13,-3.91,NaN,-0.800000000000001,NaN,NaN,2.29,NaN,4.85,7.13,8.2,NaN,10.69
NaN,-7.88,-6.46,-5.05,-3.83,-3.07,NaN,-0.109999999999999,0.859999999999999,2.59,4,5.22,7.02,8.05,NaN,10.69
NaN,-7.67,NaN,-5.16,-3.92,-3.06,-0.949999999999999,-0.109999999999999,NaN,2.57,NaN,5,NaN,8.08,8.93,10.69
NaN,NaN,-5.92,NaN,-3.79,-2.72,-1.17,NaN,NaN,2.52,3.83,NaN,6.9,8.07,NaN,NaN
-11.79,-7.63,-6.32,-4.84,NaN,-2.86,-0.829999999999998,-0.0599999999999987,NaN,2.39,NaN,5.06,7.11,8.03,8.92,NaN
-11.79,NaN,-6.02,-5.07,-3.91,-3.01,-0.530000000000001,NaN,NaN,2.53,3.84,4.91,7.15,8.29,NaN,NaN
NaN,-7.82,NaN,-5.23,-3.97,-2.83,NaN,-0.509999999999998,NaN,2.53,3.71,5.27,6.81,8.02,NaN,10.69
-11.79,NaN,-5.99,-4.91,-3.96,-2.83,NaN,-0.43,0.859999999999999,2.46,NaN,NaN,6.85,8,8.97,NaN
-11.79,NaN,NaN,-5.12,NaN,-3.01,-0.98,-0.210000000000001,NaN,2.52,4,5.03,7.14,8,NaN,NaN
NaN,NaN,-6.36,-5.11,-3.86,-2.99,NaN,-0.48,NaN,2.47,3.46,5.06,6.76,8.09,8.82,10.69
-11.79,-7.65,-6.02,-5.11,NaN,-3.06,-0.969999999999999,-0.0700000000000003,NaN,2.38,NaN,5.5,7.22,7.96,8.99,NaN
-11.79,-7.61,-6.36,-4.87,NaN,-3.12,NaN,-0.27,NaN,2.55,3.96,NaN,6.85,8.14,NaN,10.69
-11.79,-7.66,-6.03,-5.12,-3.71,-2.71,NaN,-0.289999999999999,NaN,2.48,3.41,5.35,7.09,8.07,8.85,10.69
-11.79,NaN,-6.54,-5.22,NaN,-2.77,NaN,-0.0999999999999979,0.829999999999998,2.48,4.03,5.14,6.97,8.04,9.01,NaN
-11.79,NaN,-6.28,-5.23,-3.7,-2.86,NaN,-0.0899999999999999,NaN,2.52,4.01,NaN,6.91,8.18,NaN,10.69
-11.79,NaN,-5.97,-5.28,-3.74,-2.97,-0.989999999999998,-0.25,NaN,2.53,NaN,4.79,7.36,8.02,8.99,NaN
-11.79,-7.48,-6.17,-5.2,NaN,-2.85,-0.849999999999998,-0.359999999999999,NaN,2.36,3.54,4.93,7.09,NaN,8.71,NaN
-11.79,-8.14,NaN,-5.25,-3.83,-2.51,-0.949999999999999,-0.280000000000001,NaN,2.47,3.89,NaN,7.06,8.19,8.91,10.69
NaN,-7.62,-6.14,-5.23,-3.81,-2.9,NaN,-0.390000000000001,0.829999999999998,2.44,3.83,NaN,7.23,8.18,8.95,10.69
-11.79,NaN,-6.18,NaN,-3.77,NaN,NaN,-0.289999999999999,NaN,2.4,3.9,NaN,6.75,8.18,NaN,10.69
-11.79,-7.53,-6.06,NaN,-3.81,-3.07,-0.82,NaN,1,2.46,4.06,NaN,7.2,8.18,NaN,10.69
-11.79,NaN,-6.28,-5.2,-3.83,-2.9,-0.75,NaN,NaN,2.45,3.76,4.88,7.17,NaN,8.97,10.69
-11.79,-7.35,-6.15,-4.8,-3.72,-2.79,-0.890000000000001,-0.219999999999999,NaN,2.56,4.11,NaN,7.1,8.3,NaN,10.69
-11.79,-7.5,-5.8,NaN,-3.76,-3.24,NaN,-0.309999999999999,0.849999999999998,2.51,NaN,NaN,7.03,8.07,8.83,10.69
NaN,-7.77,NaN,-5.23,NaN,-2.98,-1.02,-0.390000000000001,NaN,2.52,3.85,5,7.25,8.04,8.91,10.69
NaN,-7.44,-6.17,-5.24,-3.85,-3.03,-0.849999999999998,NaN,NaN,2.51,3.83,NaN,7.08,8.37,NaN,10.69
-11.79,NaN,-6.15,-5.23,-3.67,-2.63,-1.04,0,NaN,2.52,NaN,5.08,6.94,8.01,NaN,NaN
-11.79,-7.71,-6.27,NaN,-3.95,-2.58,-0.780000000000001,NaN,NaN,2.5,3.96,4.69,7.24,NaN,9,NaN
-11.79,-7.8,-6.05,-5.08,-3.75,-2.42,NaN,-0.289999999999999,NaN,2.33,NaN,NaN,6.87,8.24,8.96,10.69
-11.79,-8.13,NaN,-4.69,NaN,-3.07,-0.899999999999999,NaN,NaN,2.49,3.8,NaN,7.16,NaN,8.87,NaN
NaN,-7.79,-6.18,-5.17,-4.01,-2.98,-0.800000000000001,0.120000000000001,NaN,2.39,3.97,4.95,7.07,NaN,NaN,NaN
NaN,-7.57,-6.27,-5.2,-3.68,-2.52,NaN,-0.289999999999999,0.739999999999998,2.52,3.48,5.28,6.99,8.05,8.98,NaN
-11.79,NaN,NaN,-5.21,-3.79,-2.94,NaN,-0.349999999999998,NaN,2.53,NaN,4.86,7,8.13,8.92,10.69
-11.79,-7.5,-6.36,-5.56,-3.64,-2.84,-0.899999999999999,-0.120000000000001,NaN,2.45,3.46,4.89,7.13,8.04,8.73,10.69
-11.79,-7.86,-6.32,NaN,-4.03,-3.1,-0.91,-0.27,NaN,2.47,NaN,4.89,7.19,NaN,8.93,10.69
-11.79,-7.57,-5.99,NaN,-4.04,NaN,-0.649999999999999,-0.25,NaN,2.59,NaN,5.17,7.12,8.35,NaN,10.69
-11.79,-7.72,-6.15,-5.16,-3.93,-2.95,-0.93,-0.289999999999999,NaN,2.56,4.07,NaN,7.12,8.07,NaN,10.69
NaN,-7.54,-5.92,-5.14,-3.77,-2.93,-0.849999999999998,-0.169999999999998,NaN,2.52,3.62,NaN,7.23,8.23,8.96,NaN
-11.79,-7.83,-5.86,NaN,NaN,-3,-0.629999999999999,NaN,NaN,2.36,3.58,4.82,7.1,8.16,8.89,10.69
NaN,-7.83,-5.94,-5.04,-3.87,-2.56,-0.859999999999999,-0.140000000000001,NaN,2.45,3.86,5.03,NaN,8.03,8.82,NaN
NaN,-7.68,-6.06,-5.04,-3.78,-3.05,-1.1,-0.0799999999999983,NaN,2.48,NaN,NaN,7.19,NaN,9,10.69
NaN,NaN,-6.25,-5.07,-3.91,-2.96,-0.890000000000001,NaN,NaN,2.5,3.66,NaN,6.99,8.11,NaN,NaN
-11.79,-7.49,-5.99,NaN,NaN,-3.01,-0.719999999999999,NaN,1.04,2.5,3.95,NaN,6.98,8.01,NaN,NaN
-11.79,NaN,-5.98,NaN,-3.82,-3.04,NaN,-0.0899999999999999,NaN,2.54,3.91,5.03,6.98,8.27,NaN,10.69
-11.79,NaN,NaN,-5.21,NaN,-3.22,-0.949999999999999,-0.109999999999999,NaN,2.54,4.06,NaN,6.95,8,8.84,NaN
-11.79,NaN,-6.27,-5.27,-3.72,-2.98,NaN,0.129999999999999,0.940000000000001,2.52,NaN,NaN,NaN,7.93,9.01,10.69
-11.79,-7.51,-6.08,NaN,-3.79,-3.04,-0.75,NaN,NaN,2.49,3.9,4.97,NaN,8.1,NaN,NaN
NaN,NaN,-5.89,NaN,NaN,-2.95,NaN,0.0500000000000007,NaN,2.33,NaN,4.96,7.11,8.09,8.74,NaN
-11.79,-7.69,NaN,-5.2,NaN,-3.1,NaN,-0.18,NaN,2.51,4.1,NaN,NaN,7.97,8.95,NaN
-11.79,NaN,-6.09,NaN,-3.89,-2.95,NaN,-0.23,NaN,2.42,NaN,4.84,NaN,8.25,NaN,10.69
-11.79,-7.84,-6.23,-5.02,-3.9,-2.83,-0.710000000000001,0.120000000000001,NaN,2.52,NaN,4.99,6.82,8.01,NaN,10.69
NaN,NaN,-6.35,-5.26,NaN,-2.94,NaN,-0.129999999999999,NaN,2.48,3.41,5,6.89,8.06,8.81,10.69
-11.79,-7.48,-6.46,-5.25,NaN,-2.98,-0.75,NaN,NaN,2.54,3.58,NaN,NaN,8.37,NaN,NaN
-11.79,-7.57,NaN,-5.23,-3.61,-2.99,-1.07,-0.169999999999998,NaN,2.42,3.98,5.03,7.24,8.13,8.87,10.69
-11.79,-7.6,-6.13,-5.07,-3.63,-3.11,NaN,-0.5,0.859999999999999,2.54,4.06,4.98,7.23,8.11,9.02,10.69
NaN,NaN,-6.09,-5.23,NaN,-2.81,-0.809999999999999,0.16,NaN,2.45,3.78,4.97,NaN,NaN,8.95,NaN
NaN,NaN,-6.32,-5.46,NaN,-2.94,NaN,-0.129999999999999,NaN,2.44,3.54,5.08,6.98,7.95,8.89,NaN
NaN,-7.79,-5.88,-4.75,NaN,-3.12,NaN,-0.16,NaN,2.54,4.01,4.99,6.85,8,NaN,NaN
NaN,NaN,-5.69,-5.17,-3.79,-3.07,-0.809999999999999,-0.219999999999999,NaN,2.46,4.03,5.02,6.94,8.03,9.04,10.69
-11.79,-7.94,-6.31,NaN,-3.83,NaN,-0.52,NaN,NaN,2.29,4,4.88,6.95,8.08,8.83,10.69
-11.79,-7.6,-6.12,-5.23,-3.61,-3.01,NaN,-0.129999999999999,NaN,2.56,NaN,4.76,7.12,8.06,NaN,10.69
NaN,-7.59,-6.13,-5.13,-3.89,NaN,-0.940000000000001,-0.349999999999998,0.890000000000001,2.31,NaN,NaN,6.98,8.14,8.86,10.69
-11.79,NaN,-5.8,NaN,-3.75,-2.46,NaN,-0.190000000000001,0.849999999999998,2.53,3.97,5.02,7.03,NaN,8.93,NaN
NaN,-7.66,-6.09,-5.12,-3.87,-2.9,-0.75,NaN,NaN,2.27,3.44,NaN,7.21,NaN,9.03,NaN
-11.79,-7.47,-6.28,-5.14,NaN,-2.95,-0.870000000000001,-0.239999999999998,NaN,2.47,3.74,NaN,NaN,7.87,NaN,NaN
-11.79,NaN,-6.33,-5.14,NaN,-3.09,-0.940000000000001,-0.149999999999999,NaN,2.46,NaN,4.88,6.71,NaN,8.97,10.69
-11.79,NaN,NaN,-5.21,-3.73,-2.79,-0.890000000000001,-0.210000000000001,NaN,2.57,3.97,5.44,7.1,8.1,NaN,10.69
-11.79,NaN,-6.05,-5.14,NaN,-3.08,NaN,-0.239999999999998,NaN,2.49,3.64,4.89,7.03,8.08,8.94,NaN
NaN,-7.44,NaN,-4.68,-3.75,-2.7,-0.52,NaN,0.41,2.45,3.83,NaN,7,8.03,8.9,10.69
-11.79,-7.55,-6.18,-5.03,NaN,-3.21,NaN,-0.169999999999998,NaN,2.52,4.03,NaN,6.89,8.12,8.98,10.69
-11.79,-7.67,-6.04,-5.12,-3.93,-3.03,-0.82,-0.210000000000001,NaN,2.45,3.72,5.06,7.17,8.06,8.9,10.69
NaN,NaN,-6.26,NaN,-3.74,-2.49,-0.919999999999998,NaN,NaN,2.38,3.57,NaN,7.07,8.14,8.89,10.69
-11.79,-7.65,-5.94,-5.14,-4.06,-2.69,NaN,-0.259999999999998,NaN,2.58,NaN,NaN,7.03,8.1,8.91,10.69
-11.79,-7.6,-6.09,-5.13,-3.7,-2.82,-1.03,NaN,NaN,2.49,3.97,4.91,NaN,8.06,9.03,NaN
-11.79,NaN,-6.27,-5.15,-3.79,-2.75,-0.780000000000001,NaN,NaN,2.41,3.9,NaN,7.13,8.05,NaN,NaN
-11.79,-7.45,NaN,-5.38,-3.85,-3.01,-1.05,-0.210000000000001,0.699999999999999,2.62,4.02,NaN,6.83,8.14,NaN,10.69
-11.79,NaN,-6.28,-5.14,NaN,-2.93,NaN,-0.23,NaN,2.51,3.95,4.95,NaN,7.82,8.81,NaN
-11.79,NaN,-6.38,-5.26,NaN,-2.73,-0.879999999999999,-0.43,NaN,2.39,NaN,NaN,6.94,7.94,8.98,NaN
NaN,-8.13,-6.45,-4.74,NaN,-3.07,-0.91,-0.0500000000000007,NaN,2.67,NaN,5.39,NaN,8.26,NaN,10.69
NaN,-7.59,NaN,-5.2,NaN,-3.13,-0.879999999999999,NaN,NaN,2.56,3.78,5.01,7.17,8,8.89,10.69
-11.79,NaN,-6.29,-5.21,NaN,-3.08,NaN,-0.359999999999999,NaN,2.44,3.95,4.96,6.94,8.04,8.94,10.69
-11.79,-7.51,-6.18,NaN,NaN,-2.87,NaN,-0.199999999999999,NaN,2.47,NaN,4.66,7.1,8.18,8.86,10.69
NaN,-7.76,-6.38,-4.8,-3.79,-2.89,NaN,NaN,0.879999999999999,2.52,3.97,NaN,6.77,NaN,9.01,NaN
-11.79,NaN,-6.1,-4.76,-3.91,-2.81,-0.890000000000001,NaN,NaN,2.48,3.9,4.87,6.72,8.27,NaN,10.69
-11.79,-7.69,-6.59,-4.93,-4.03,-2.88,NaN,-0.149999999999999,NaN,2.57,4.01,NaN,7.07,8.17,NaN,10.69
-11.79,-7.43,-6.06,-5.12,-3.81,-3.03,NaN,-0.5,NaN,2.6,NaN,5.46,7.05,8.19,NaN,10.69
-11.79,-7.6,-6.16,NaN,-3.79,NaN,-0.93,-0.210000000000001,NaN,2.54,3.42,NaN,6.85,8.13,NaN,10.69
NaN,-7.76,-6.09,-5.04,-3.73,-3.08,-0.879999999999999,-0.32,NaN,2.55,3.91,4.9,7.16,8.11,8.92,10.69
-11.79,NaN,-6.24,NaN,-4.01,-3.01,-0.800000000000001,-0.280000000000001,NaN,2.54,NaN,NaN,7.28,8.3,NaN,10.69
-11.79,NaN,-6.36,-5.3,-3.81,-2.45,-0.620000000000001,NaN,NaN,2.47,3.81,4.82,6.7,8.15,NaN,10.69
-11.79,-7.47,NaN,-5.23,-3.76,-2.73,NaN,-0.34,NaN,2.43,3.74,5.01,NaN,8.34,NaN,10.69
-11.79,-8.04,NaN,-5.27,NaN,-3.1,-0.809999999999999,NaN,NaN,2.51,3.89,5.27,7.06,8.12,8.91,10.69
-11.79,-7.54,-6.17,-4.69,NaN,-2.95,NaN,-0.190000000000001,NaN,2.48,4.13,NaN,NaN,8.15,NaN,NaN
-11.79,-7.83,-5.97,-5.09,NaN,-2.91,NaN,-0.280000000000001,NaN,2.63,3.93,4.83,NaN,8.47,NaN,10.69
-11.79,NaN,-6.26,-5.15,-3.54,NaN,NaN,-0.349999999999998,0.969999999999999,2.56,4.1,5.02,6.87,8.37,NaN,10.69
NaN,-7.58,-5.98,NaN,NaN,-2.42,-0.870000000000001,-0.140000000000001,NaN,2.51,3.86,5.05,7.36,7.96,8.98,NaN
NaN,-7.84,-5.97,NaN,NaN,NaN,-0.82,NaN,NaN,2.51,3.85,5.05,NaN,8.22,NaN,10.69
-11.79,-7.57,-6.38,NaN,NaN,-3,-0.84,-0.190000000000001,NaN,2.43,4.07,5.04,6.71,8.08,NaN,NaN
NaN,-7.82,-6.3,NaN,-3.85,-2.7,-0.710000000000001,-0.18,NaN,2.45,4,4.83,6.81,NaN,8.93,10.69
-11.79,NaN,-6.32,-5.13,-4.02,NaN,-0.969999999999999,-0.300000000000001,0.91,2.39,4.02,NaN,6.78,8.02,8.97,10.69
-11.79,-7.69,-6.36,-5.08,-4.13,-3.01,NaN,-0.190000000000001,NaN,2.51,3.94,4.96,7.08,8.03,8.99,10.69
-11.79,-7.62,-6.25,-5.14,-3.93,-2.89,-0.829999999999998,0.149999999999999,NaN,2.48,4.05,NaN,7.15,8.06,NaN,NaN
NaN,-7.69,-6.28,NaN,NaN,-3.04,-0.73,NaN,NaN,2.47,3.88,5.02,7.13,NaN,8.92,10.69
-11.79,-7.67,-6.34,NaN,NaN,-3.01,-0.739999999999998,NaN,NaN,2.51,3.82,5.01,NaN,8.1,NaN,NaN
-11.79,-7.65,-6.35,-5.49,-3.88,-2.64,-0.710000000000001,NaN,NaN,2.49,4.05,4.76,6.92,7.94,8.66,NaN
-11.79,-7.64,-5.87,-5.09,-3.73,-2.8,-0.940000000000001,-0.129999999999999,NaN,2.14,3.77,5,NaN,NaN,8.91,10.69
-11.79,-7.54,-6.32,-4.73,NaN,-3.01,NaN,-0.27,1.34,2.54,4.01,5.12,7.21,NaN,8.92,10.69
NaN,-7.91,-5.96,-5.02,NaN,-3.06,-0.75,NaN,NaN,2.48,3.88,5.44,6.92,8.16,8.78,NaN
-11.79,-7.99,-5.82,-5.2,-3.76,-2.56,NaN,-0.449999999999999,NaN,2.42,3.9,4.95,6.87,8.06,NaN,NaN
NaN,-7.73,-6,NaN,-3.88,-3.07,-0.899999999999999,-0.0899999999999999,NaN,2.42,3.78,4.66,6.8,8.1,8.71,10.69
NaN,-7.62,-6.18,-5.13,NaN,-2.5,-0.949999999999999,-0.149999999999999,NaN,2.39,3.84,5.08,7.19,8.18,NaN,10.69
NaN,NaN,-6.24,-5.27,-3.86,-2.52,-1.06,-0.289999999999999,NaN,2.48,3.9,NaN,NaN,8.32,NaN,10.69
-11.79,-7.6,-6.37,-5.24,-3.92,NaN,-0.890000000000001,0.00999999999999801,NaN,2.52,3.89,4.94,7.17,8.16,8.92,10.69
-11.79,-7.41,-6.12,-5.19,NaN,-2.74,-0.899999999999999,-0.399999999999999,0.640000000000001,NaN,4.05,NaN,6.85,8.05,8.85,10.69
-11.79,-7.62,-5.74,NaN,-3.77,-2.85,-0.890000000000001,-0.300000000000001,NaN,2.49,3.44,NaN,7.14,8.13,NaN,10.69
-11.79,-8.01,NaN,-5.43,-4.07,-2.88,-0.949999999999999,NaN,0.789999999999999,2.06,4.28,NaN,6.91,8.01,NaN,10.69
-11.79,NaN,NaN,NaN,NaN,-3.04,NaN,-0.390000000000001,NaN,2.41,3.99,4.82,6.89,8.04,NaN,10.69
NaN,-7.49,NaN,-5.5,-3.71,-2.91,-0.859999999999999,-0.140000000000001,NaN,2.41,3.79,5.49,6.95,8.08,8.99,NaN
-11.79,NaN,-5.83,-5.34,-3.79,-2.95,NaN,0.169999999999998,NaN,2.41,3.47,4.73,6.93,8.03,NaN,NaN
NaN,NaN,-6.29,-5.45,NaN,-2.77,-0.949999999999999,-0.280000000000001,NaN,2.47,3.99,5.4,6.83,8.18,8.97,10.69
NaN,-7.27,NaN,-5.17,-3.83,-2.85,-0.849999999999998,NaN,NaN,2.38,3.6,NaN,7,8.08,8.91,10.69
-11.79,-7.48,-6.21,-5.2,-3.93,-2.75,NaN,NaN,NaN,2.43,NaN,5.1,NaN,7.97,8.64,10.69
-11.79,NaN,-6.42,NaN,-3.66,-2.91,-0.98,0,NaN,2.46,3.92,4.94,6.58,8.02,8.84,NaN
-11.79,-7.45,NaN,-4.9,-3.8,-2.98,-0.800000000000001,NaN,NaN,2.37,4.08,NaN,NaN,8.17,NaN,NaN
-11.79,-7.78,-5.88,-4.89,-3.77,-3.02,NaN,-0.34,NaN,2.62,NaN,4.8,7.15,8.01,8.96,10.69
NaN,-7.93,-6.3,-5.18,NaN,-3.1,NaN,-0.359999999999999,0.919999999999998,2.27,4.01,5.06,NaN,8.1,8.85,10.69
NaN,-7.71,-6.36,NaN,-3.78,-3.03,NaN,-0.149999999999999,0.989999999999998,2.51,3.92,5.18,NaN,NaN,8.8,10.69
-11.79,NaN,NaN,-4.99,-4.02,-2.93,-0.77,NaN,NaN,2.48,3.85,NaN,NaN,8.35,8.89,10.69
-11.79,-8.08,-6.2,NaN,-4.03,-3,NaN,-0.349999999999998,NaN,2.39,3.51,4.7,6.93,7.91,8.7,NaN
-11.79,-7.72,-6.04,NaN,-3.93,-3.03,NaN,-0.140000000000001,NaN,2.57,NaN,4.91,7.28,NaN,8.88,NaN
-11.79,-7.41,NaN,-5.25,-3.76,-3.1,-0.969999999999999,-0.25,NaN,2.5,4.03,4.89,6.96,NaN,8.9,NaN
NaN,NaN,-6.04,-5.14,NaN,-3.01,NaN,-0.0500000000000007,NaN,2.52,3.63,4.95,NaN,8.36,NaN,NaN
-11.79,-7.58,NaN,-5.22,NaN,-2.99,NaN,-0.120000000000001,NaN,2.49,3.68,NaN,6.91,8.13,NaN,10.69
NaN,-7.62,-6.39,-5.09,-3.7,-2.94,NaN,-0.140000000000001,NaN,2.48,3.91,NaN,6.78,NaN,NaN,10.69
NaN,-7.55,-5.98,-5.23,-3.74,-2.91,-1.02,NaN,0.399999999999999,2.46,3.95,4.79,6.95,8.14,NaN,10.69
-11.79,NaN,-6.21,-5.21,-3.79,-2.96,NaN,-0.120000000000001,NaN,2.5,NaN,4.98,7.23,8.07,8.99,10.69
NaN,NaN,-6.01,NaN,-4.09,-2.94,-0.91,-0.199999999999999,1.01,2.51,NaN,NaN,6.87,8.11,8.89,10.69
-11.79,-7.46,-6.13,-4.72,NaN,-2.98,NaN,-0.300000000000001,NaN,2.5,3.6,5.01,6.66,8.18,8.93,10.69
-11.79,NaN,-5.86,-4.91,-3.83,-3.09,-0.829999999999998,-0.169999999999998,NaN,2.58,3.75,5.19,7.03,8.36,NaN,10.69
-11.79,NaN,-5.89,-4.86,NaN,-2.71,NaN,-0.00999999999999801,NaN,2.36,3.84,4.91,6.77,8.27,NaN,NaN
-11.79,-7.81,-6.37,-5.26,-3.69,-2.93,NaN,-0.16,NaN,2.29,3.66,NaN,6.73,7.96,9.03,NaN
NaN,NaN,-6.11,-5.23,NaN,-2.92,-0.609999999999999,NaN,NaN,2.46,3.98,5.09,NaN,7.96,8.99,NaN
NaN,-7.66,-6.05,NaN,-3.7,-2.97,-0.849999999999998,-0.27,NaN,2.37,3.88,NaN,6.86,NaN,8.96,10.69
NaN,-7.68,-6.23,-5.28,NaN,-2.92,-0.949999999999999,-0.34,NaN,2.34,3.96,4.96,7.1,7.97,NaN,10.69
NaN,-7.63,-6.26,NaN,-3.74,-3.08,-0.919999999999998,NaN,NaN,2.34,4.1,NaN,6.87,7.98,8.96,10.69
-11.79,-7.66,-5.91,-5.09,NaN,-3.01,-0.759999999999998,NaN,0.890000000000001,2.39,NaN,4.89,7.23,8.14,NaN,NaN
-11.79,NaN,-6.38,NaN,-3.83,-2.99,NaN,-0.140000000000001,0.699999999999999,2.38,4,NaN,6.78,8.37,NaN,10.69
-11.79,-7.62,-6.42,NaN,NaN,-2.95,-0.940000000000001,-0.259999999999998,NaN,2.4,4.07,4.98,7.17,NaN,8.91,10.69
-11.79,-7.34,NaN,-5.62,-3.92,NaN,-0.809999999999999,NaN,NaN,2.51,NaN,NaN,6.92,8.17,8.93,10.69
-11.79,-7.78,-6.36,-4.67,NaN,-2.75,NaN,-0.41,NaN,2.52,4.05,NaN,6.61,8.15,NaN,10.69
-11.79,-7.74,-6.31,-5.17,-3.8,-2.51,NaN,NaN,0.98,2.4,4.02,4.88,7.26,8.16,8.95,10.69
-11.79,-7.83,-6.05,-5.01,-3.79,-2.44,-0.879999999999999,NaN,NaN,NaN,4.02,NaN,7.27,NaN,8.92,10.69
-11.79,NaN,NaN,-5.28,-3.78,-2.92,-1.01,-0.309999999999999,NaN,2.57,4,4.93,7.01,8.11,NaN,10.69
-11.79,NaN,-5.97,-4.89,-3.61,-2.58,-0.919999999999998,NaN,NaN,2.48,3.9,4.97,6.79,8.27,NaN,NaN
-11.79,-7.85,-6.11,-4.77,-3.74,-2.82,-0.84,NaN,NaN,2.52,NaN,4.9,7.14,8.26,8.83,10.69
NaN,NaN,-6.32,NaN,NaN,-2.81,NaN,-0.399999999999999,NaN,2.49,4.08,4.77,6.82,8.1,8.9,10.69
-11.79,-7.84,-6.14,-5.11,-3.74,-2.94,NaN,-0.149999999999999,NaN,2.56,3.94,4.95,7.16,NaN,8.98,10.69
-11.79,-7.67,-6.31,-5.26,-3.92,-2.8,-0.899999999999999,NaN,NaN,2.44,NaN,5.04,7.19,8.17,NaN,10.69
-11.79,-7.28,-5.87,NaN,-3.87,-2.82,-0.899999999999999,NaN,NaN,2.58,3.92,4.9,6.89,8.12,8.99,10.69
-11.79,NaN,-6.17,-5.2,NaN,-2.94,NaN,-0.219999999999999,NaN,2.51,4.08,4.96,NaN,7.95,8.97,10.69
-11.79,NaN,-5.9,-5.17,-3.74,-2.9,NaN,-0.280000000000001,NaN,2.45,NaN,4.94,7.02,7.98,8.94,NaN
-11.79,-7.56,-6.36,-5.19,NaN,-3.03,-0.829999999999998,NaN,NaN,2.1,3.89,4.98,NaN,8.24,8.8,10.69
NaN,NaN,-6.21,NaN,NaN,-2.94,NaN,-0.219999999999999,NaN,2.49,4.17,5.25,NaN,8.13,NaN,NaN
-11.79,-7.73,-5.99,-5.14,-3.81,-3.06,-0.75,NaN,NaN,2.37,3.77,NaN,7.16,8.01,8.96,10.69
-11.79,-7.55,-6.17,-5.18,-3.86,-2.62,-0.949999999999999,-0.329999999999998,0.759999999999998,2.54,NaN,4.85,7.29,8,8.99,10.69
NaN,-7.69,-6.27,-4.79,-3.94,-2.68,NaN,NaN,NaN,2.5,4.08,NaN,NaN,8.17,NaN,10.69
NaN,NaN,-6.02,-5.05,-3.74,NaN,-0.809999999999999,-0.48,NaN,2.42,3.94,4.95,NaN,8.08,8.96,NaN
NaN,-7.96,-6.38,-5.21,-3.76,-2.75,-1.06,-0.169999999999998,NaN,2.37,3.83,4.93,7.09,NaN,8.8,10.69
NaN,NaN,NaN,-5.2,-3.67,-2.9,-0.919999999999998,NaN,NaN,2.47,3.61,5.46,NaN,8.15,NaN,10.69
NaN,-7.69,NaN,-5.34,NaN,-2.9,NaN,-0.109999999999999,NaN,2.5,3.95,NaN,7.19,7.99,9,10.69
-11.79,-7.64,-6.15,NaN,-3.98,-3.13,-0.859999999999999,-0.280000000000001,NaN,2.46,NaN,NaN,NaN,NaN,8.61,10.69
NaN,-7.76,-6.32,NaN,-3.78,-2.87,-0.879999999999999,NaN,1.02,2.45,3.66,NaN,7.26,7.91,8.8,NaN
-11.79,-7.7,-6.24,NaN,-3.8,-2.92,-0.859999999999999,NaN,NaN,2.54,4.04,5.45,7.02,8.14,8.94,10.69
-11.79,NaN,-5.83,NaN,-3.85,-2.48,-0.84,NaN,NaN,2.48,3.88,NaN,7.16,8.24,8.95,10.69
-11.79,-7.92,-6.28,NaN,NaN,-2.8,-0.989999999999998,NaN,NaN,2.5,NaN,5.11,6.89,NaN,8.85,NaN
NaN,-7.84,-6.21,-5.23,-3.82,-2.44,-0.949999999999999,-0.349999999999998,NaN,2.52,3.79,5.33,7.14,NaN,8.97,10.69
NaN,-7.88,-6.23,-4.89,-3.71,-2.93,-0.949999999999999,NaN,NaN,2.44,3.76,NaN,6.78,7.89,8.98,NaN
NaN,-7.73,-5.95,-5.18,-3.77,-3.19,NaN,-0.460000000000001,NaN,2.49,NaN,5.48,7.21,8.08,8.89,10.69
-11.79,-7.42,-6.02,NaN,-3.79,-2.65,-0.890000000000001,NaN,0.91,2.53,4,NaN,7.06,8.28,NaN,10.69
-11.79,-7.69,-5.95,NaN,-3.79,-2.92,-0.780000000000001,-0.329999999999998,NaN,2.34,4.11,NaN,6.82,8.03,8.94,10.69
NaN,-8.16,-6.22,-5.22,NaN,-3.07,NaN,-0.34,NaN,2.48,4,4.94,NaN,8.23,8.95,10.69
-11.79,NaN,-6.18,-5.36,-3.78,-2.82,-0.93,-0.190000000000001,NaN,2.55,4.02,4.97,7.21,8.09,8.9,10.69
-11.79,NaN,-6.18,NaN,-4.15,-2.81,NaN,-0.399999999999999,NaN,2.5,3.99,4.86,NaN,8.33,NaN,10.69
-11.79,-8.09,-6.28,-4.67,NaN,-3.03,NaN,-0.390000000000001,NaN,2.47,NaN,NaN,6.84,8.04,8.92,NaN
-11.79,NaN,NaN,-5.24,NaN,-2.97,NaN,-0.140000000000001,NaN,2.52,3.84,NaN,6.79,8.06,NaN,NaN
-11.79,-7.51,-6.2,-5.28,-3.73,-2.77,-1.04,NaN,NaN,2.46,3.82,NaN,7.36,8.04,8.89,10.69
-11.79,-7.35,-5.98,-5.25,-3.93,-2.97,NaN,NaN,NaN,2.55,3.95,4.85,7.2,8.12,NaN,10.69
NaN,-7.71,-6.23,NaN,-3.91,-3.02,-0.93,-0.300000000000001,1.02,2.44,NaN,NaN,NaN,NaN,8.89,10.69
-11.79,NaN,-6.37,-4.75,NaN,-3.01,-1.01,-0.109999999999999,NaN,2.45,NaN,NaN,6.84,NaN,8.91,10.69
NaN,-7.63,-6.07,-5.22,-3.85,-3.08,-0.859999999999999,-0.140000000000001,NaN,2.44,3.55,NaN,7.11,NaN,8.92,10.69
NaN,-7.7,-6.08,-5.13,-3.73,-2.51,-1.03,-0.00999999999999801,NaN,2.43,3.81,NaN,7.21,8.34,9.03,NaN
-11.79,-7.67,-6.13,-5.07,NaN,-2.8,-0.77,-0.129999999999999,NaN,2.49,NaN,4.92,NaN,8.35,NaN,NaN
-11.79,-7.97,-6,-5.04,NaN,-2.94,-1.02,-0.43,NaN,2.45,NaN,4.79,NaN,NaN,8.97,10.69
-11.79,NaN,-6.18,-5.14,-3.83,-3,-0.890000000000001,-0.309999999999999,NaN,2.6,3.98,4.75,7.14,8.23,9.01,10.69
-11.79,-7.51,-6.31,-5.22,NaN,-3.04,NaN,-0.0899999999999999,NaN,2.57,3.67,4.96,7.11,8.01,8.93,10.69
NaN,-8.1,-6.21,NaN,-3.76,-2.75,NaN,-0.370000000000001,0.75,2.14,NaN,5.22,6.78,8.44,NaN,10.69
-11.79,-7.52,-5.9,-4.7,NaN,-2.91,NaN,-0.199999999999999,0.899999999999999,2.55,4.06,5.25,6.95,8.19,NaN,NaN
-11.79,-7.61,-6.05,-5.25,NaN,-2.98,NaN,-0.190000000000001,0.789999999999999,2.49,3.87,NaN,6.77,8.06,8.99,10.69
-11.79,NaN,-5.72,-5.22,NaN,-2.99,NaN,-0.309999999999999,NaN,2.53,4.04,NaN,7,8.01,8.88,10.69
-11.79,-7.73,-6.11,NaN,-3.87,-2.98,NaN,-0.289999999999999,NaN,2.31,NaN,4.81,6.75,8.16,NaN,NaN
-11.79,NaN,-6.01,-5.19,-3.78,-2.97,NaN,-0.16,0.899999999999999,2.55,NaN,4.84,7.05,8.41,NaN,NaN
NaN,NaN,-5.9,-5.12,-3.8,-2.97,NaN,-0.190000000000001,NaN,2.55,3.96,5.2,6.95,8.2,NaN,10.69
-11.79,-7.89,-6.08,NaN,-3.73,-3,-0.949999999999999,NaN,NaN,2.48,4.07,NaN,7.26,NaN,8.96,10.69
NaN,-8.07,-5.94,NaN,NaN,-2.88,NaN,NaN,NaN,2.42,4.06,4.94,7.36,7.97,8.9,NaN
NaN,-7.69,-6.35,NaN,NaN,-2.52,NaN,-0.469999999999999,NaN,2.34,3.48,NaN,7.13,7.91,9.05,10.69
-11.79,NaN,-6.05,-4.84,NaN,-3.11,-0.710000000000001,-0.0899999999999999,0.969999999999999,2.22,4.22,NaN,NaN,8.25,8.88,10.69
-11.79,-7.51,-6.28,-5.2,NaN,-3.08,NaN,-0.149999999999999,NaN,2.5,4.03,NaN,7.26,NaN,8.89,10.69
-11.79,-7.68,-6.43,NaN,-3.87,-2.94,-0.690000000000001,-0.129999999999999,NaN,2.31,3.73,5.01,7.22,8.23,8.88,10.69
-11.79,-8.05,-6.25,-5.13,-3.92,-2.97,-0.789999999999999,NaN,NaN,2.42,3.98,NaN,7.07,8,8.92,10.69
NaN,-7.57,-6.23,-5.27,-3.8,-2.78,-0.940000000000001,-0.129999999999999,NaN,2.52,3.56,NaN,7.2,8.11,9.01,NaN
-11.79,NaN,-5.77,-5.35,NaN,-3.01,-1.17,-0.109999999999999,NaN,2.48,4.12,NaN,7.03,8,8.94,NaN
NaN,-7.73,-6.44,-5.09,-3.78,NaN,-0.59,-0.16,NaN,2.46,3.92,5.07,7.18,8.23,NaN,10.69
NaN,-7.8,-6.03,-5.17,-3.66,-3,-1.03,-0.23,NaN,2.52,NaN,NaN,7.13,NaN,8.97,10.69
NaN,-7.82,-5.82,NaN,-3.79,-2.99,-0.989999999999998,NaN,NaN,2.4,NaN,4.97,6.93,8.34,NaN,10.69
NaN,-7.79,-5.75,NaN,NaN,-3.35,-0.82,NaN,NaN,2.45,4.01,5,7.11,NaN,8.7,10.69
-11.79,-7.56,-6.05,-5.16,NaN,-3.03,-1.05,-0.0899999999999999,NaN,2.48,NaN,NaN,NaN,8.03,8.9,10.69
-11.79,-7.4,-6.26,-5.45,-3.73,NaN,NaN,-0.5,NaN,2.53,3.57,4.82,7.03,8.11,NaN,NaN
NaN,-7.67,NaN,-5.27,NaN,-2.77,-0.620000000000001,NaN,NaN,2.41,4.04,5.46,7,8.04,NaN,10.69
-11.79,-7.59,-5.97,-5.16,-3.76,-3,-1.18,-0.280000000000001,NaN,2.36,NaN,5.11,7.24,NaN,8.97,10.69
-11.79,-7.44,-6.47,-5.06,-3.69,-2.95,-0.579999999999998,NaN,0.960000000000001,2.55,3.91,NaN,6.57,8.05,NaN,10.69
-11.79,-7.66,-5.85,NaN,NaN,-3.08,-0.759999999999998,-0.129999999999999,NaN,2.56,3.98,4.88,7.26,8.07,NaN,10.69
-11.79,-7.74,-6.17,-5.12,-3.75,-3.11,-0.949999999999999,-0.309999999999999,NaN,2.51,3.99,NaN,7.05,NaN,8.94,NaN
NaN,-7.59,-6.13,-5.14,NaN,-2.68,NaN,-0.120000000000001,NaN,2.54,3.86,NaN,7.21,8.16,9.02,10.69
-11.79,-7.58,-6.37,NaN,-3.84,-2.8,-0.960000000000001,NaN,NaN,2.53,3.84,5.02,7.12,8.17,NaN,10.69
NaN,-7.65,-6.38,-4.69,-3.72,-3.03,-0.789999999999999,NaN,NaN,2.47,3.8,4.91,7.13,NaN,8.94,NaN
-11.79,NaN,-6.18,NaN,-3.75,-2.95,-0.84,-0.140000000000001,NaN,2.47,NaN,NaN,6.78,8.05,8.91,NaN
-11.79,-7.67,-6.03,-4.99,-3.87,-2.97,-0.669999999999998,NaN,NaN,2.56,NaN,5,7.11,8.08,NaN,10.69
-11.79,-7.72,-5.87,NaN,-3.71,-2.82,NaN,-0.210000000000001,NaN,2.5,4.05,4.78,7.15,8.03,8.91,NaN
-11.79,-7.8,-5.94,-5.18,NaN,-3.02,-0.75,-0.190000000000001,NaN,2.51,3.76,5.01,7.26,NaN,8.86,10.69
-11.79,NaN,-6.13,NaN,-3.98,-3.02,NaN,-0.0799999999999983,NaN,2.5,3.97,4.92,6.6,7.92,8.86,NaN
NaN,-7.8,-6.3,-5.05,NaN,-3.07,-0.940000000000001,0.0700000000000003,1.07,2.34,4.06,4.98,6.7,8.19,NaN,10.69
NaN,NaN,-5.79,-5.06,-3.79,NaN,NaN,-0.109999999999999,NaN,2.31,4.05,NaN,6.98,8.22,8.95,10.69
-11.79,-7.59,-5.89,-4.94,NaN,-3.11,-0.91,-0.149999999999999,NaN,2.49,3.99,4.92,7.15,8.2,8.92,10.69
NaN,-7.71,-6.31,NaN,-3.74,-2.59,NaN,-0.48,NaN,2.46,4,4.86,NaN,8.5,NaN,10.69
NaN,-7.69,-5.81,NaN,NaN,-3.05,-0.93,-0.289999999999999,0.5,2.65,3.97,NaN,7.16,8.04,9,10.69
-11.79,-7.61,-6.47,-5.38,NaN,-3.13,NaN,-0.27,NaN,2.62,3.98,NaN,7.01,8.09,NaN,10.69
NaN,-7.49,-6.2,NaN,-4.15,-2.93,-0.949999999999999,-0.140000000000001,NaN,2.36,NaN,NaN,NaN,8.09,8.97,NaN
-11.79,-7.92,NaN,-5.33,NaN,-3.26,-0.960000000000001,0.169999999999998,NaN,2.5,3.68,4.89,7.07,NaN,8.83,NaN
-11.79,-7.52,-6.08,-4.76,-3.78,-2.54,NaN,-0.129999999999999,NaN,2.52,4.06,4.9,NaN,8.28,NaN,10.69
-11.79,NaN,-6.54,-5.24,-3.6,-2.98,-0.84,-0.25,NaN,2.46,3.94,5.49,6.95,7.95,8.83,10.69
NaN,NaN,-5.82,-5.22,-3.68,-2.85,-0.879999999999999,-0.259999999999998,NaN,2.34,3.75,NaN,6.91,8.02,8.91,NaN
-11.79,NaN,-5.86,NaN,-3.81,-2.97,NaN,-0.0999999999999979,NaN,2.53,4.08,NaN,6.93,7.93,8.96,10.69
-11.79,NaN,-6.02,-5.11,-3.73,-3.02,NaN,-0.190000000000001,NaN,2.5,3.45,4.85,6.95,8.08,8.99,NaN
NaN,-7.94,-6.22,NaN,-3.92,-2.94,NaN,-0.23,NaN,2.5,NaN,5.16,NaN,NaN,8.8,10.69
NaN,-7.7,-6.22,-5.17,-3.73,-2.91,-0.73,0.0999999999999979,NaN,2.39,3.86,5.34,6.7,7.97,NaN,10.69
-11.79,-7.41,-5.75,-5.34,-4.26,-3.06,-0.789999999999999,NaN,0.809999999999999,2.18,4.05,5.01,7.04,8.11,NaN,NaN
-11.79,-7.53,-5.99,NaN,NaN,-2.57,-1.02,-0.120000000000001,NaN,2.55,NaN,5.08,7.15,8.28,8.95,10.69
NaN,-7.5,-6.07,NaN,-3.74,-2.58,-0.699999999999999,NaN,NaN,2.42,4.02,5.05,6.96,8.05,8.93,10.69
-11.79,-7.41,-6.28,-5.13,-3.81,-2.64,NaN,-0.32,NaN,2.62,3.93,4.94,7.27,NaN,8.93,10.69
-11.79,NaN,-5.99,-5.14,-3.81,NaN,NaN,-0.300000000000001,NaN,2.34,3.85,4.71,6.91,8.3,NaN,10.69
-11.79,-7.66,-6.31,-5.17,NaN,-3.17,-0.52,0.109999999999999,NaN,2.52,3.93,NaN,6.73,8.06,8.91,10.69
-11.79,-7.64,-6.16,NaN,-3.7,NaN,NaN,-0.259999999999998,NaN,2.35,3.88,NaN,7.21,7.96,8.87,NaN
NaN,-7.57,NaN,-5.25,-3.75,-2.86,-0.98,-0.149999999999999,NaN,2.37,3.84,4.83,7.04,8.12,NaN,NaN
-11.79,NaN,-5.85,-5.12,NaN,-2.88,-0.719999999999999,-0.23,NaN,2.48,3.43,5,6.91,7.96,NaN,NaN
-11.79,-7.66,-6.49,NaN,-3.97,-2.62,-0.98,-0.239999999999998,NaN,2.6,3.9,5.06,7.05,8.1,NaN,10.69
-11.79,-7.46,-6.27,-4.93,-3.84,-3.04,-0.949999999999999,NaN,NaN,2.41,3.92,4.92,7.22,NaN,8.98,10.69
-11.79,-7.56,-5.73,NaN,-3.72,-2.99,-0.890000000000001,-0.419999999999998,NaN,2.51,3.88,5.03,7.14,8.18,NaN,NaN
-11.79,-7.61,-6.52,-5.33,-3.77,NaN,-1.02,-0.32,NaN,2.53,3.99,5.02,7.19,8.39,8.87,10.69
-11.79,-7.66,-6,-5.2,NaN,-3.06,NaN,-0.219999999999999,0.919999999999998,2.47,4,4.89,7.11,8.02,NaN,10.69
-11.79,NaN,-6.1,-4.71,NaN,-2.97,NaN,-0.27,NaN,2.52,4.1,NaN,7.16,8.09,8.94,10.69
NaN,-7.66,-6.27,-5.18,-4.03,-2.88,-0.809999999999999,-0.0899999999999999,NaN,2.36,3.91,NaN,7.21,NaN,8.96,NaN
NaN,-7.67,-6.03,-5.08,-3.83,-2.9,-0.93,NaN,NaN,2.56,3.82,4.92,6.91,8.3,NaN,10.69
NaN,-7.79,-6.01,NaN,-3.7,-2.56,-0.84,-0.199999999999999,NaN,2.63,3.82,5.05,6.99,NaN,8.95,NaN
NaN,NaN,-6.01,-5.15,NaN,-2.98,-0.960000000000001,-0.309999999999999,0.98,2.57,3.91,5.45,7.1,7.96,NaN,NaN
-11.79,-7.39,-6.36,-5.27,-3.69,-2.8,-1,-0.390000000000001,NaN,2.4,3.96,4.86,7.07,NaN,8.95,NaN
-11.79,-7.7,-5.98,NaN,-3.78,NaN,NaN,-0.199999999999999,NaN,2.6,3.93,5.13,NaN,8.27,NaN,10.69
NaN,-7.6,-5.98,NaN,NaN,-3.13,NaN,-0.140000000000001,NaN,2.56,3.89,4.78,7.14,8.07,NaN,NaN
-11.79,-7.36,-5.75,NaN,NaN,-3,-0.890000000000001,NaN,NaN,2.27,4.06,NaN,6.95,8.11,NaN,NaN
NaN,NaN,-5.92,NaN,-3.98,-3.07,-0.91,-0.289999999999999,NaN,2.64,NaN,NaN,6.94,8.09,NaN,NaN
NaN,NaN,-6.14,-5.1,-3.81,-3.12,NaN,-0.0899999999999999,0.789999999999999,2.64,3.79,NaN,6.76,8.13,NaN,NaN
NaN,-7.47,-5.86,-5.14,NaN,-3.15,-0.899999999999999,-0.349999999999998,0.789999999999999,2.28,NaN,NaN,6.73,8.16,8.93,10.69
-11.79,-7.67,-5.96,-5.2,NaN,-3.23,-0.870000000000001,-0.390000000000001,0.879999999999999,2.49,3.72,4.85,6.93,8.22,NaN,10.69
-11.79,-7.68,-6.25,-5.14,NaN,-2.91,-0.890000000000001,0.0599999999999987,NaN,2.47,NaN,4.89,NaN,8.02,8.87,10.69
-11.79,NaN,-6.28,NaN,NaN,-2.81,-0.989999999999998,-0.32,NaN,2.53,3.66,5.48,NaN,8.27,8.95,10.69
-11.79,-7.72,-6.23,-4.93,-3.82,-3.08,-1.05,-0.32,NaN,2.67,NaN,4.85,7.25,NaN,8.9,10.69
-11.79,-7.57,NaN,-5.25,NaN,-2.95,-0.879999999999999,-0.129999999999999,NaN,2.53,4.03,NaN,7.04,8.05,8.75,NaN
-11.79,NaN,-6.07,-5.18,-3.86,-2.42,-0.739999999999998,NaN,NaN,2.45,4.02,NaN,6.71,8.08,NaN,10.69
NaN,-7.5,-5.98,NaN,-3.76,-2.7,-0.859999999999999,NaN,NaN,2.47,3.95,NaN,7.04,8.08,8.94,10.69
NaN,-7.77,-5.99,-5.03,NaN,-2.91,NaN,-0.460000000000001,NaN,2.48,3.91,5.03,7.07,7.97,8.98,NaN
-11.79,-7.47,NaN,NaN,-3.73,-2.61,-0.879999999999999,-0.309999999999999,NaN,2.47,NaN,5.5,7.15,8.36,8.99,10.69
NaN,-7.75,-6.1,-4.9,NaN,-3.03,NaN,-0.27,NaN,2.7,3.76,4.96,7.13,8.13,NaN,10.69
-11.79,-7.37,NaN,-5.26,NaN,-3.08,NaN,-0.219999999999999,NaN,2.54,3.86,5.06,NaN,NaN,8.79,10.69
-11.79,-7.77,-5.96,-5.22,NaN,-2.96,NaN,-0.349999999999998,NaN,2.49,3.55,4.83,7.07,8.03,NaN,NaN
NaN,-8.08,-6.1,-4.87,-3.81,-3.05,-0.710000000000001,-0.41,NaN,2.46,4.12,4.98,NaN,NaN,8.83,NaN
-11.79,-7.49,-5.67,-4.72,-3.84,-2.57,-0.66,NaN,NaN,2.49,3.52,4.87,6.93,8.05,NaN,NaN
-11.79,-7.35,-6.05,-5.43,NaN,-2.97,-0.93,-0.0399999999999991,NaN,2.55,NaN,4.77,6.73,7.95,8.99,NaN
-11.79,-7.39,-5.88,-5.03,-3.81,-2.94,-0.75,NaN,NaN,2.47,NaN,NaN,7.25,8.14,NaN,10.69
-11.79,-7.42,-5.95,-5.25,-3.86,-2.9,NaN,-0.280000000000001,NaN,2.51,NaN,4.87,7.15,8.13,NaN,10.69
-11.79,NaN,-5.85,-5.04,-3.8,-2.86,-0.759999999999998,-0.16,NaN,2.47,3.77,4.99,6.86,8.05,NaN,10.69
-11.79,-7.62,-6.07,-4.88,-3.98,-2.78,NaN,-0.239999999999998,NaN,2.54,NaN,5.33,6.9,8,8.96,NaN
NaN,-7.66,NaN,-5.19,-3.74,NaN,NaN,-0.329999999999998,0.719999999999999,2.46,3.9,NaN,7.1,8.13,9,10.69
-11.79,-7.59,NaN,-5.25,-3.88,-2.83,-0.84,-0.120000000000001,NaN,2.48,NaN,5.11,7.22,8.07,8.88,10.69
-11.79,-7.48,-6.13,NaN,-3.95,-3.09,-1.04,-0.210000000000001,NaN,2.46,3.87,5.03,7.31,8.19,NaN,NaN
-11.79,-7.75,-6.08,NaN,-3.74,-3.12,NaN,-0.460000000000001,NaN,2.41,NaN,NaN,NaN,7.93,NaN,NaN
NaN,NaN,-6.06,-5.26,-3.8,-2.98,NaN,-0.370000000000001,NaN,2.44,3.56,NaN,NaN,8.08,9.02,NaN
-11.79,-7.76,-6.13,-5.11,-3.79,-2.83,NaN,-0.0399999999999991,NaN,2.5,3.9,5.42,6.56,8.23,NaN,10.69
-11.79,-7.83,-5.9,NaN,-3.71,-3.15,-0.84,NaN,NaN,2.51,3.95,NaN,7.21,8.12,NaN,NaN
-11.79,-7.45,-6.01,-5.29,NaN,-3.3,-0.91,-0.149999999999999,NaN,2.37,4.06,4.82,7.09,7.96,NaN,NaN
-11.79,-7.69,-6.04,NaN,-3.71,-2.9,-0.859999999999999,-0.129999999999999,NaN,2.55,NaN,NaN,7.21,8.07,NaN,NaN
-11.79,-7.64,-6,-5.13,-3.98,-2.73,NaN,-0.25,NaN,2.47,3.8,NaN,NaN,8.29,NaN,10.69
-11.79,NaN,-6.18,-5.08,NaN,-3.16,-0.969999999999999,-0.190000000000001,NaN,2.38,4,5,7.37,8.02,9.02,10.69
-11.79,-7.62,-6.58,-5.23,-3.94,-2.92,NaN,-0.239999999999998,0.859999999999999,2.46,3.5,4.73,6.89,8.14,NaN,10.69
-11.79,NaN,NaN,-4.97,-3.76,-3.05,NaN,-0.0300000000000011,NaN,2.53,3.81,NaN,7.01,8.05,8.83,10.69
NaN,-7.66,-6.17,-4.74,NaN,-2.46,NaN,-0.18,NaN,2.53,4.06,5.42,6.9,8.02,8.94,NaN
-11.79,-7.61,-6.07,-4.73,NaN,-3.17,-0.93,-0.0199999999999996,NaN,2.57,NaN,5.15,7.24,8.35,NaN,10.69
NaN,-7.64,-6.38,NaN,NaN,-3.03,NaN,-0.0599999999999987,0.75,2.56,3.91,NaN,7.17,8.02,8.98,10.69
-11.79,-7.56,-6.06,-5.1,-3.75,-3.05,-0.73,-0.199999999999999,NaN,2.51,3.88,NaN,7.02,8.11,NaN,NaN
-11.79,-7.62,-6.07,NaN,-3.82,-2.67,-0.949999999999999,-0.25,NaN,2.54,4.08,5.1,7.21,8.2,8.98,10.69
NaN,-7.91,-6.33,-5.28,-3.87,-2.91,-0.780000000000001,NaN,0.849999999999998,2.5,3.89,NaN,7.08,7.97,NaN,NaN
-11.79,NaN,-6.29,-5.4,-3.8,-2.92,NaN,-0.00999999999999801,NaN,2.41,NaN,NaN,6.92,7.92,9.06,NaN
-11.79,-7.52,-6.26,-5.29,-3.81,-2.5,-0.789999999999999,NaN,NaN,2.43,4.01,4.93,7.01,8.15,8.96,10.69
NaN,NaN,-6.41,-5.11,-3.7,-2.5,-0.800000000000001,-0.199999999999999,NaN,2.41,3.95,5,7.01,7.91,8.91,NaN
NaN,NaN,-6.26,-5.08,-4.17,-2.85,-0.82,-0.0500000000000007,NaN,2.44,NaN,5.16,NaN,7.99,NaN,10.69
-11.79,-7.72,-6.04,NaN,-3.89,-2.88,-1.05,-0.27,NaN,2.32,3.89,NaN,7.01,8.07,9,10.69
-11.79,-7.54,-6.33,-5.22,-3.87,-3.04,-0.870000000000001,NaN,NaN,2.6,NaN,5.09,6.99,8.08,NaN,NaN
-11.79,NaN,NaN,NaN,-3.8,-2.7,-0.800000000000001,NaN,NaN,2.45,3.84,4.88,6.98,8.16,NaN,10.69
NaN,-7.72,-6.15,NaN,-3.8,-2.67,NaN,-0.280000000000001,NaN,2.45,3.99,4.95,7.12,NaN,8.83,NaN
-11.79,NaN,NaN,-5.45,-3.77,NaN,NaN,-0.199999999999999,0.859999999999999,2.62,3.95,NaN,7.09,8.17,NaN,10.69
NaN,-7.68,-5.93,NaN,-3.85,-2.43,NaN,-0.43,NaN,2.52,NaN,NaN,7.05,8.19,NaN,10.69
-11.79,-7.55,-6.07,-4.72,NaN,-3.11,NaN,-0.16,NaN,2.59,3.96,NaN,6.56,8.31,9.01,10.69
NaN,-7.67,-5.92,NaN,NaN,-2.48,-0.870000000000001,NaN,0.859999999999999,2.49,NaN,NaN,7.17,8.08,NaN,10.69
-11.79,-7.49,-5.97,NaN,NaN,-3.05,NaN,-0.16,NaN,2.43,3.48,5.31,7.07,8.07,8.98,10.69
NaN,-7.59,-5.94,NaN,-3.62,-3.13,NaN,-0.129999999999999,NaN,2.41,3.79,5.03,6.75,8.22,NaN,NaN
-11.79,-7.57,-6.43,-4.67,NaN,-3.03,-0.739999999999998,0.0300000000000011,NaN,2.54,3.58,NaN,6.67,8.34,NaN,10.69
-11.79,-7.45,-5.94,NaN,-3.84,-2.75,NaN,-0.169999999999998,NaN,2.57,3.79,5.15,6.72,8.14,8.93,10.69
NaN,-7.57,-6.29,NaN,-3.81,-2.87,NaN,-0.32,0.989999999999998,2.47,4.1,NaN,6.83,7.99,8.98,10.69
-11.79,NaN,-6.45,-4.99,-3.86,-3.17,-0.829999999999998,0.0300000000000011,NaN,2.61,3.97,4.95,6.65,8.16,8.97,10.69
-11.79,NaN,-5.81,-5.17,-3.82,NaN,-0.789999999999999,NaN,NaN,2.45,3.96,NaN,6.97,7.91,8.9,NaN
-11.79,NaN,NaN,NaN,NaN,-3.07,NaN,-0.219999999999999,NaN,2.39,NaN,NaN,7.05,7.96,NaN,NaN
-11.79,-7.92,-6.15,-5.13,-3.87,-2.99,-0.780000000000001,-0.00999999999999801,NaN,2.48,3.78,NaN,6.87,NaN,9.04,NaN
NaN,-7.75,NaN,-5.17,-3.63,-2.75,NaN,0.149999999999999,NaN,2.45,NaN,5.39,7.09,8.02,8.8,NaN
NaN,-7.67,-6.29,NaN,NaN,-2.92,-0.949999999999999,-0.32,NaN,2.34,3.98,4.89,7.1,7.84,9.01,10.69
-11.79,-7.45,-6.42,-5.08,-3.91,-3,-0.93,-0.259999999999998,0.98,2.53,NaN,4.77,6.98,NaN,8.9,10.69
NaN,-7.75,-6.11,-5,NaN,-2.92,NaN,-0.399999999999999,NaN,2.47,3.9,4.97,NaN,NaN,8.65,NaN
-11.79,-7.58,-5.97,NaN,NaN,-3.08,-0.699999999999999,0,NaN,2.45,3.54,4.96,7.12,8.12,8.81,10.69
NaN,-7.5,-5.88,-5.29,-3.87,NaN,-0.759999999999998,NaN,NaN,2.45,3.41,NaN,7.02,8,8.95,10.69
NaN,-7.7,-6.4,-5.12,NaN,-2.63,NaN,-0.18,NaN,2.48,3.94,5.01,NaN,8.11,NaN,10.69
-11.79,-7.83,-6.03,NaN,NaN,-3.22,-1.12,-0.419999999999998,NaN,2.45,4.12,5.01,7.11,8.12,8.86,10.69
NaN,-7.72,-6.31,NaN,NaN,-2.78,NaN,-0.280000000000001,NaN,2.47,4.06,NaN,6.81,8.01,NaN,NaN
NaN,NaN,-6.33,-5.25,-3.78,-2.71,-0.780000000000001,-0.0399999999999991,NaN,2.48,3.93,5.08,7.08,7.98,8.98,NaN
-11.79,-7.76,-6.2,NaN,-3.84,-2.63,-0.859999999999999,NaN,NaN,2.49,3.96,4.82,NaN,8.29,8.94,NaN
-11.79,NaN,-5.96,-5.2,NaN,-3.01,-0.870000000000001,-0.129999999999999,NaN,2.42,NaN,4.99,7.18,8.04,8.94,NaN
-11.79,-7.65,-6,-5.25,-3.67,NaN,NaN,-0.16,0.82,2.38,3.91,NaN,7.13,8.06,NaN,NaN
NaN,-7.62,-6.29,-5.16,-3.75,-2.63,NaN,-0.140000000000001,NaN,2.44,NaN,4.98,7.03,8.01,8.86,10.69
-11.79,-7.89,-6.11,-5.14,-3.72,NaN,-0.98,NaN,NaN,2.37,3.94,4.93,NaN,7.95,8.92,10.69
-11.79,-7.69,-5.87,NaN,NaN,-2.66,NaN,-0.300000000000001,NaN,2.54,3.97,5.09,6.93,8.09,NaN,NaN
NaN,-7.76,-6.53,NaN,-3.68,-2.93,-1.06,-0.34,NaN,2.48,3.5,5.05,7.25,NaN,8.88,10.69
-11.79,-7.49,-6.24,NaN,-3.74,-2.89,-0.899999999999999,NaN,NaN,NaN,3.94,4.94,NaN,8.23,NaN,NaN
-11.79,-7.57,-6.08,NaN,-3.82,-3,-0.949999999999999,-0.149999999999999,NaN,2.57,4.03,NaN,6.88,8.09,8.99,10.69
NaN,-7.73,-5.98,-5.12,-3.72,-3.11,-0.879999999999999,NaN,NaN,2.44,3.98,4.93,7.01,8.06,NaN,10.69
-11.79,NaN,-6.53,-5.23,NaN,-2.92,-0.849999999999998,-0.280000000000001,NaN,2.55,3.56,5.1,7.03,8.22,8.81,10.69
NaN,-7.66,-6.5,NaN,-3.77,-2.94,-0.879999999999999,-0.239999999999998,NaN,2.46,3.5,4.84,7.16,8.06,8.92,10.69
-11.79,-7.35,NaN,-5.52,NaN,-3.08,-0.890000000000001,-0.109999999999999,NaN,2.49,NaN,NaN,7.17,8.05,8.98,10.69
-11.79,NaN,NaN,-5.17,-3.69,-2.96,-0.719999999999999,NaN,NaN,2.3,NaN,5.16,6.9,8.11,8.85,10.69
NaN,NaN,-5.96,NaN,-3.7,-2.56,-1.04,-0.25,NaN,2.4,3.97,NaN,6.99,8.28,8.95,10.69
NaN,-7.88,-5.92,-5.16,NaN,-2.93,NaN,-0.149999999999999,NaN,2.42,3.84,5.07,6.97,8.08,8.78,10.69
-11.79,-7.73,-6.35,-5.3,NaN,-3.08,-1.03,-0.0599999999999987,NaN,2.46,3.75,5.14,6.66,8.15,8.96,10.69
-11.79,-7.61,-6.59,NaN,-3.94,NaN,NaN,-0.18,NaN,2.54,4.12,NaN,7.02,8.05,NaN,10.69
-11.79,-8.09,-6.44,-5.02,-3.88,-3.05,-0.859999999999999,NaN,NaN,2.33,3.96,5.06,6.92,NaN,8.93,10.69
-11.79,-7.38,-5.65,NaN,NaN,-2.95,-0.919999999999998,0.0300000000000011,NaN,2.57,4.05,4.96,6.85,8.15,8.86,10.69
-11.79,NaN,-6.36,NaN,NaN,-2.74,-0.84,-0.289999999999999,NaN,2.55,4.22,5.07,6.81,NaN,8.72,NaN
-11.79,NaN,-5.78,NaN,-3.81,-2.87,NaN,-0.280000000000001,0.84,2.27,NaN,4.73,7.05,8.09,8.8,10.69
NaN,-7.67,-6.26,-5.13,-3.72,NaN,NaN,-0.329999999999998,NaN,2.52,4.02,5.16,7.22,8.06,NaN,10.69
NaN,-7.76,-6.01,-4.85,-3.82,-2.74,-0.699999999999999,0.0300000000000011,0.949999999999999,2.49,4,4.92,NaN,8.24,NaN,10.69
-11.79,NaN,-6.23,-5.19,-4.03,-2.59,-0.809999999999999,-0.190000000000001,NaN,2.61,4.07,NaN,7.21,8.02,NaN,NaN
NaN,NaN,-5.97,-4.78,-3.77,NaN,NaN,-0.25,NaN,2.36,4.11,NaN,7.01,8.09,NaN,10.69
NaN,-7.65,NaN,NaN,-3.38,NaN,-0.809999999999999,0.0999999999999979,NaN,2.47,4.04,4.93,7.15,7.96,8.91,NaN
-11.79,-7.55,-5.88,NaN,NaN,-2.97,-0.809999999999999,NaN,NaN,2.31,4.08,NaN,7.08,8.09,NaN,10.69
-11.79,NaN,-6.47,-5.07,NaN,-3.12,-0.93,-0.109999999999999,0.969999999999999,2.49,3.55,NaN,NaN,8.25,NaN,10.69
NaN,-8.05,-6.1,-5.26,-3.76,-3.03,NaN,-0.329999999999998,NaN,2.56,3.7,NaN,7.01,NaN,9.01,NaN
-11.79,NaN,-6.39,-5.29,NaN,-3.14,-0.73,0.0700000000000003,NaN,2.48,4.05,4.78,7.02,8.05,9,10.69
NaN,-7.78,-6.05,-4.78,-3.94,-3.08,-0.800000000000001,NaN,NaN,2.44,3.58,NaN,NaN,8.2,8.95,10.69
NaN,-7.62,-5.82,NaN,NaN,-2.93,NaN,-0.349999999999998,NaN,2.37,NaN,NaN,6.87,8.1,NaN,NaN
-11.79,-7.96,-5.94,-5.09,-3.62,NaN,-0.949999999999999,NaN,NaN,2.47,NaN,5,6.7,8.44,NaN,NaN
-11.79,-7.67,-6.61,-4.99,-3.67,-2.8,NaN,NaN,0.93,2.49,3.87,4.94,6.87,8.08,NaN,NaN
NaN,NaN,-5.69,NaN,NaN,-2.74,NaN,-0.149999999999999,NaN,2.45,3.5,NaN,6.88,8.14,NaN,NaN
-11.79,-7.63,-6.11,NaN,-3.81,-2.6,-0.940000000000001,NaN,NaN,2.46,3.98,NaN,7.06,7.92,8.89,10.69
NaN,-7.71,-6.27,-4.68,NaN,-2.85,-0.859999999999999,NaN,NaN,2.45,3.87,4.67,6.78,8.05,8.91,10.69
NaN,-7.71,-6.39,-4.8,-3.82,NaN,NaN,-0.239999999999998,0.890000000000001,2.4,4.03,5.1,7.17,8.01,NaN,10.69
-11.79,-7.57,-5.85,NaN,NaN,-3,-1.06,-0.329999999999998,NaN,2.41,4.05,NaN,7.02,8.15,NaN,10.69
-11.79,-7.62,-6.01,-4.73,-3.9,-2.87,NaN,-0.419999999999998,0.84,2.33,3.48,NaN,NaN,8.08,8.91,NaN
-11.79,-7.41,NaN,-5.05,-3.99,-2.55,-0.859999999999999,NaN,NaN,2.49,3.57,NaN,7.06,NaN,8.98,NaN
-11.79,-7.73,NaN,-5.35,NaN,-2.69,-0.890000000000001,NaN,NaN,2.4,NaN,4.93,NaN,8.07,NaN,10.69
NaN,-7.55,-5.91,NaN,NaN,-3.07,-0.719999999999999,NaN,0.93,2.53,4.02,5.12,7.04,8.08,NaN,10.69
NaN,NaN,-6.19,-5.29,-3.76,-2.81,-0.940000000000001,NaN,NaN,2.5,3.42,NaN,6.92,8.02,9,10.69
NaN,-7.68,-5.74,NaN,-3.82,-2.93,NaN,-0.289999999999999,NaN,2.48,3.75,5.46,6.98,8.09,8.91,10.69
NaN,-7.96,-6.38,-5.06,NaN,-3.05,NaN,-0.280000000000001,NaN,2.52,3.9,5.19,6.77,8.12,8.86,NaN
NaN,-7.81,-6,NaN,-3.67,-2.82,-0.789999999999999,-0.149999999999999,NaN,2.46,3.91,4.98,NaN,7.83,8.62,NaN
-11.79,-7.55,-6.32,-5.05,NaN,-3.1,-0.98,-0.169999999999998,NaN,2.53,4.04,NaN,7.05,7.9,8.94,NaN
NaN,NaN,-5.87,-5.08,NaN,-2.79,-0.949999999999999,-0.0999999999999979,NaN,2.58,NaN,5.1,7.01,8.17,8.92,10.69
NaN,NaN,NaN,NaN,-3.75,-2.6,-0.879999999999999,NaN,NaN,2.5,4.02,5.19,6.94,8.11,NaN,10.69
-11.79,-7.43,NaN,-5.28,-3.63,NaN,-0.849999999999998,-0.120000000000001,0.780000000000001,2.45,4.11,NaN,7.07,8.11,8.99,10.69
-11.79,-7.42,-6.29,NaN,-4.02,-2.85,-0.899999999999999,-0.199999999999999,NaN,2.55,NaN,NaN,7.02,8.02,9.01,10.69
-11.79,-7.73,-5.93,-5.21,-4,-2.52,-0.829999999999998,-0.0399999999999991,NaN,2.5,3.74,4.87,7.14,8.19,8.87,10.69
NaN,-7.73,-6.01,NaN,-3.8,-2.9,-1.06,-0.259999999999998,NaN,2.47,NaN,NaN,6.86,8.03,8.97,10.69
NaN,NaN,-5.72,NaN,NaN,-2.86,-0.98,-0.219999999999999,NaN,2.45,NaN,NaN,6.95,8.05,8.91,10.69
-11.79,-7.48,-6.01,-5.03,NaN,-2.95,-0.859999999999999,-0.0999999999999979,NaN,2.57,NaN,4.92,7.28,8.09,NaN,10.69
-11.79,-7.76,-6.29,NaN,NaN,-2.93,NaN,-0.140000000000001,0.710000000000001,2.56,3.84,4.86,6.9,8.04,8.92,10.69
-11.79,-7.37,NaN,-5.19,-3.67,-3.01,-0.960000000000001,0.190000000000001,NaN,2.47,3.72,4.93,6.74,8.11,NaN,10.69
NaN,NaN,-6.03,-5.07,NaN,-3.17,-0.82,NaN,NaN,2.57,3.86,4.97,6.75,7.96,NaN,NaN
-11.79,-7.59,-6.56,-5.09,-3.9,-2.77,-0.919999999999998,-0.25,NaN,2.58,4.1,5.03,7.08,8.13,NaN,10.69
NaN,-7.7,-6.18,NaN,-3.92,-2.58,NaN,-0.140000000000001,NaN,2.53,3.41,4.9,6.74,7.94,8.94,10.69
NaN,-8,-5.83,NaN,NaN,-3.07,-0.919999999999998,-0.32,NaN,2.42,3.8,NaN,6.92,8.48,NaN,10.69
NaN,-7.73,-6.37,-5.22,NaN,-2.97,-0.960000000000001,-0.0999999999999979,NaN,2.46,NaN,5.21,6.68,8.05,8.76,10.69
NaN,-7.37,NaN,-5.26,-3.78,-2.67,-0.969999999999999,-0.219999999999999,NaN,2.4,NaN,NaN,7.03,8.1,NaN,10.69
NaN,NaN,-5.99,NaN,-4.19,-3.05,NaN,0.00999999999999801,NaN,2.47,3.83,5.06,6.82,8.14,NaN,10.69
NaN,-7.94,-5.88,-5.16,NaN,-2.91,NaN,-0.41,NaN,2.36,3.71,5.09,7.16,8.21,8.93,10.69
NaN,-7.69,-5.96,-5.17,NaN,-2.87,-0.919999999999998,NaN,NaN,2.51,3.96,5.13,7.1,8.06,NaN,10.69
NaN,NaN,-6.3,NaN,-3.85,-3,-1.06,-0.23,NaN,2.52,4.03,5.44,6.91,8.16,8.97,10.69
-11.79,-7.54,-5.93,-5.12,-3.83,-3.07,NaN,-0.16,0.969999999999999,2.45,4.07,NaN,NaN,8.47,NaN,10.69
NaN,NaN,-6.02,-5.06,-3.85,-2.91,-1.01,-0.419999999999998,NaN,2.38,4.05,5.08,7.14,8.06,NaN,10.69
-11.79,-7.65,-6.2,-4.86,NaN,-3.05,-1.05,-0.109999999999999,NaN,2.17,4.05,5.47,6.57,NaN,8.79,10.69
NaN,-7.72,-5.74,NaN,-3.8,-2.82,NaN,-0.289999999999999,0.809999999999999,2.35,3.86,NaN,7.1,8.25,NaN,10.69
NaN,-7.85,-6.25,-4.68,-3.75,-2.99,NaN,-0.5,NaN,2.2,3.56,NaN,6.95,8.05,8.92,10.69
NaN,NaN,-5.97,NaN,-3.9,-2.81,-0.899999999999999,NaN,NaN,2.55,3.6,4.87,6.94,NaN,8.84,10.69
-11.79,NaN,-6.03,-4.69,-3.89,-2.97,NaN,-0.190000000000001,NaN,2.79,4.12,5.49,7.15,8.25,8.93,10.69
-11.79,NaN,-6.3,-5.18,-3.57,-2.87,-0.93,NaN,NaN,2.44,3.81,5.01,NaN,8.17,NaN,10.69
-11.79,NaN,-6.2,-5.2,-3.78,-2.95,-0.809999999999999,-0.23,NaN,2.41,NaN,NaN,6.93,NaN,8.53,NaN
NaN,-7.79,-6.13,NaN,-3.83,-2.8,NaN,-0.32,NaN,2.45,4.17,5.05,6.62,8.12,8.9,NaN
-11.79,-8.15,-6.19,-5.12,NaN,-2.96,-0.800000000000001,NaN,NaN,2.6,3.95,NaN,7.14,8.48,NaN,NaN
-11.79,NaN,NaN,-5.5,-3.75,-2.85,-0.789999999999999,-0.280000000000001,NaN,2.5,3.92,5.49,6.98,NaN,8.75,10.69
NaN,NaN,-6.1,NaN,NaN,-2.89,-0.829999999999998,NaN,NaN,2.56,3.87,5.24,6.83,8.35,8.9,10.69
-11.79,-7.71,-6.24,NaN,NaN,-2.98,-0.890000000000001,NaN,NaN,2.46,NaN,4.88,7.26,8.27,8.96,10.69
-11.79,NaN,NaN,-5.24,-3.76,-2.58,NaN,-0.169999999999998,NaN,2.6,4.05,5.41,6.95,8.06,9.01,NaN
NaN,NaN,-6.02,-5.15,-3.83,-3.12,-0.669999999999998,0.0999999999999979,NaN,2.53,NaN,4.71,6.92,8.04,NaN,NaN
NaN,NaN,-6.53,-5.09,-3.99,-2.98,-0.649999999999999,NaN,NaN,2.42,3.64,4.97,7.05,8.15,8.93,10.69
-11.79,NaN,-6.14,-5.23,-3.56,-2.66,-0.84,NaN,NaN,2.49,3.9,NaN,6.76,8.26,NaN,NaN
-11.79,NaN,-6.32,NaN,-4.06,-2.86,-0.829999999999998,NaN,NaN,2.6,3.85,5.38,6.66,8.06,8.85,10.69
NaN,-7.94,-5.92,-4.98,-4.01,-3.01,-0.719999999999999,NaN,NaN,2.5,4.14,NaN,6.96,NaN,8.83,10.69
-11.79,-7.86,-5.9,NaN,-3.71,-2.96,-0.870000000000001,-0.129999999999999,NaN,2.42,NaN,5.02,7.02,8.1,NaN,NaN
-11.79,-7.32,-5.72,-5.25,-3.65,-3.02,NaN,-0.259999999999998,NaN,2.44,NaN,NaN,6.97,8.06,NaN,NaN
-11.79,-7.68,-6.18,-5.16,-3.72,-2.82,NaN,0.140000000000001,NaN,2.39,3.81,4.91,7.13,8.15,8.76,10.69
-11.79,-7.57,-6.32,-5.18,-3.67,-3.12,NaN,-0.129999999999999,0.960000000000001,2.46,3.52,NaN,7.18,8.12,8.82,10.69
-11.79,-7.41,-5.89,-5.18,NaN,-3.03,NaN,-0.0700000000000003,0.84,2.49,3.98,4.99,6.96,8.21,NaN,NaN
-11.79,-7.61,-6.09,-4.87,-3.72,-2.97,-0.93,NaN,0.73,2.54,NaN,5.5,6.74,7.93,8.73,NaN
NaN,NaN,-5.9,-5.19,-3.85,-2.85,-0.969999999999999,-0.140000000000001,NaN,2.46,NaN,NaN,7.03,8.38,NaN,10.69
-11.79,-7.5,-5.88,-4.83,NaN,-2.93,-0.82,0.0799999999999983,NaN,2.21,4.03,5.09,6.87,8.15,NaN,10.69
NaN,-7.7,-6.29,-5.27,NaN,-2.86,-0.84,NaN,NaN,2.47,3.86,NaN,NaN,8.31,8.9,10.69
-11.79,-7.79,-6.27,-5.17,-3.83,-3.01,NaN,-0.129999999999999,0.91,2.65,3.44,4.88,NaN,8.15,NaN,10.69
-11.79,-7.38,-5.85,-5.13,-3.8,-2.75,-1,NaN,0.949999999999999,2.47,3.99,4.92,7.07,8.28,NaN,10.69
-11.79,-7.63,-6.03,-5.27,-3.65,-2.64,-0.669999999999998,NaN,0.759999999999998,2.48,3.54,NaN,7.26,8.03,9.03,NaN
-11.79,-7.69,-6.42,-5.2,NaN,-2.98,NaN,-0.379999999999999,NaN,2.46,3.91,NaN,6.87,7.99,8.82,NaN
-11.79,NaN,-6.28,-5.11,-3.82,-3.12,-0.82,NaN,NaN,2.5,3.85,5.18,7.12,7.96,9.06,NaN
-11.79,NaN,-6.13,NaN,NaN,NaN,-0.82,NaN,NaN,2.53,4.04,4.9,NaN,8.14,NaN,10.69
-11.79,-7.35,NaN,-5.29,-3.76,-2.94,-0.870000000000001,-0.23,NaN,2.53,NaN,5.17,6.99,8.17,NaN,10.69
-11.79,NaN,-6.18,NaN,-3.81,-2.68,-0.699999999999999,NaN,NaN,2.49,3.98,NaN,6.84,8.29,NaN,10.69
-11.79,-7.92,-5.64,NaN,NaN,-2.95,NaN,-0.449999999999999,NaN,2.46,3.94,4.91,6.93,8.24,8.87,10.69
-11.79,-7.74,-6.13,-5.17,NaN,-2.87,-1,NaN,NaN,2.53,3.9,5.21,7.24,7.93,8.92,NaN
-11.79,NaN,-6.15,-5.13,-3.83,-2.87,-1.01,-0.199999999999999,0.859999999999999,2.57,NaN,NaN,6.98,8.08,NaN,10.69
-11.79,-7.59,-6.11,-5.21,-3.97,-2.78,-0.890000000000001,-0.129999999999999,NaN,2.55,NaN,5.02,7.19,NaN,9.01,10.69
-11.79,-7.58,-6.47,-5.3,-3.72,-2.94,NaN,0.120000000000001,NaN,2.41,3.86,4.95,7.24,7.98,NaN,NaN
NaN,-7.62,-5.94,NaN,-3.88,-3.1,NaN,-0.199999999999999,0.82,2.49,3.96,NaN,7.41,8.06,9.01,NaN
NaN,-7.72,-6.31,-5.15,NaN,-3,NaN,-0.27,NaN,2.27,NaN,5.32,6.8,7.91,9.02,NaN
-11.79,NaN,-6.19,-5.42,-3.96,-3,-0.93,-0.0700000000000003,NaN,2.39,NaN,NaN,7.07,7.85,8.98,NaN
NaN,-7.92,-6.06,NaN,-3.51,NaN,-0.710000000000001,NaN,NaN,2.51,3.91,NaN,6.79,8.04,NaN,NaN
NaN,-7.71,-6.18,NaN,NaN,-2.86,NaN,-0.0799999999999983,NaN,2.55,NaN,5.36,6.76,NaN,8.96,NaN
NaN,NaN,-6.06,-4.94,NaN,-3.08,NaN,-0.399999999999999,1.27,2.46,3.61,NaN,6.93,8,NaN,NaN
-11.79,-7.77,-6.21,NaN,NaN,-2.93,-0.870000000000001,NaN,0.469999999999999,2.47,4.04,5.05,NaN,8.34,8.95,10.69
-11.79,NaN,NaN,-5.29,NaN,-2.99,NaN,-0.0399999999999991,NaN,2.54,NaN,4.92,6.79,8.13,8.97,10.69
-11.79,NaN,-6.27,NaN,-4.28,-2.99,NaN,-0.449999999999999,NaN,2.48,4.08,NaN,NaN,8.01,9.01,NaN
-11.79,-7.58,-5.72,NaN,-3.97,-2.94,-0.800000000000001,-0.25,NaN,2.41,3.44,NaN,7.12,8.07,8.97,NaN
-11.79,NaN,-6.56,-5.56,-3.95,-2.96,NaN,-0.329999999999998,0.849999999999998,2.48,3.87,4.91,6.79,8.19,NaN,10.69
-11.79,-7.43,NaN,-5.08,-3.79,-3.12,NaN,-0.120000000000001,0.75,2.6,3.86,5.23,7.04,8.35,8.95,10.69
NaN,-7.7,-6.38,NaN,-3.68,-2.99,-0.960000000000001,-0.00999999999999801,NaN,2.43,NaN,4.9,7.25,NaN,8.91,10.69
-11.79,NaN,-6.18,NaN,NaN,-3.2,-0.579999999999998,NaN,NaN,2.56,3.95,4.83,6.61,8.33,8.96,10.69
NaN,-8.1,-6.04,NaN,-3.82,NaN,-1.02,0.0500000000000007,NaN,2.42,3.95,4.74,7.12,NaN,8.88,NaN
NaN,-7.81,-6.5,NaN,-3.73,NaN,-0.899999999999999,-0.169999999999998,NaN,2.47,4.09,5.05,7.17,8.26,8.87,10.69
-11.79,NaN,-6.15,-4.78,NaN,-3.16,-1.06,0.0700000000000003,NaN,2.29,3.89,4.86,NaN,8.41,8.92,10.69
NaN,-7.59,-6.04,-4.93,NaN,-2.99,-0.77,-0.289999999999999,NaN,2.5,3.97,NaN,6.77,8.17,NaN,NaN
-11.79,-7.2,NaN,-5.1,-3.96,-2.84,NaN,-0.169999999999998,NaN,2.58,NaN,4.97,7.04,NaN,8.85,10.69
-11.79,NaN,-6.61,-5.1,-3.96,-3.06,-0.690000000000001,0.120000000000001,NaN,2.62,3.96,NaN,7.01,8.05,NaN,NaN
NaN,NaN,-5.98,-5.17,-3.98,-3.12,-0.759999999999998,NaN,NaN,2.39,3.47,5.04,6.94,7.92,8.83,10.69
NaN,-7.83,-6.16,NaN,NaN,-2.97,-0.82,NaN,NaN,2.53,4.07,4.98,6.92,8.28,NaN,10.69
NaN,-7.6,-6.46,-5.03,NaN,-3.05,NaN,-0.219999999999999,NaN,2.39,3.88,NaN,7.08,8.06,9.05,NaN
-11.79,-7.66,NaN,NaN,NaN,-3.07,NaN,-0.370000000000001,0.960000000000001,2.57,4.04,NaN,7.18,8.08,8.87,10.69
-11.79,-7.82,-6.09,-5.08,-3.8,-2.59,-0.93,-0.390000000000001,NaN,2.57,3.99,4.9,6.98,NaN,8.51,10.69
-11.79,-7.6,-6.07,NaN,-3.85,NaN,-0.890000000000001,-0.210000000000001,NaN,2.49,NaN,5.41,6.81,8.02,NaN,NaN
-11.79,-7.65,-6.13,NaN,-3.77,-2.88,-0.890000000000001,NaN,NaN,2.46,3.92,4.77,7.3,NaN,9.04,10.69
NaN,-7.82,-6,NaN,-3.71,-3.07,-0.68,-0.109999999999999,NaN,2.59,3.99,5.25,7.16,8.16,8.98,10.69
NaN,-7.86,-5.94,NaN,-3.92,-3.04,-0.879999999999999,-0.0500000000000007,NaN,2.34,NaN,5.48,6.8,8.32,8.92,10.69
NaN,-7.71,-6.02,-5.1,-3.75,-2.72,-0.640000000000001,NaN,NaN,2.44,NaN,5.02,7.18,8.28,8.95,10.69
-11.79,NaN,-6.34,-5.13,-4.05,-3.02,NaN,0.0399999999999991,NaN,2.39,4.17,5.04,6.87,8.04,NaN,NaN
NaN,-7.68,-5.93,NaN,-3.66,-3.02,-0.949999999999999,NaN,NaN,2.62,4.06,5.43,7.01,8.17,NaN,10.69
NaN,-7.77,-6.16,NaN,-3.74,-2.58,-1.1,-0.18,NaN,2.55,4.1,5.02,NaN,8.41,8.86,10.69
-11.79,NaN,-6.16,-5.25,NaN,-2.78,-0.93,-0.210000000000001,NaN,2.5,NaN,4.89,NaN,8.04,9.04,NaN
-11.79,NaN,-6.01,NaN,NaN,-2.87,-0.739999999999998,-0.0599999999999987,NaN,2.45,3.96,5.33,6.75,8.19,8.88,10.69
NaN,-7.72,-5.9,-5.26,-3.78,-2.92,NaN,-0.219999999999999,NaN,2.46,3.52,5.02,NaN,8.42,NaN,10.69
-11.79,NaN,-5.96,-5.13,-3.73,-3.05,NaN,-0.48,NaN,2.55,NaN,5.02,6.99,8.07,8.64,10.69
NaN,-7.68,-5.95,NaN,NaN,-2.88,NaN,-0.460000000000001,0.84,2.53,3.94,NaN,6.93,8.14,NaN,10.69
-11.79,-7.66,-6.16,-5.17,NaN,-2.95,-0.780000000000001,-0.0799999999999983,NaN,2.53,NaN,4.86,7.16,8.03,8.99,NaN
