-8.66,-7.87,-6.37,-5.51,-4.37,NaN,-3.13,NaN,-0.93,0.149999999999999,1.61,3.04,3.92,NaN,7.83,12.23,17.37
-8.67,NaN,NaN,-5.54,NaN,-4.09,NaN,-2.29,NaN,0.120000000000001,1.74,NaN,3.99,5.82,NaN,12.23,NaN
NaN,NaN,NaN,-5.5,NaN,-4.12,-3.03,NaN,NaN,0.0599999999999987,1.71,3.1,4.31,NaN,7.83,NaN,17.37
-8.67,NaN,-6.36,-5.5,NaN,-3.69,-2.97,NaN,NaN,0.0999999999999979,1.69,NaN,NaN,NaN,7.83,12.23,17.37
-8.66,-7.87,NaN,-5.48,-4.76,NaN,-3.33,NaN,NaN,0.259999999999998,1.7,3.28,NaN,5.82,7.83,NaN,17.37
-8.67,NaN,-6.37,-5.53,-4.83,NaN,-2.94,NaN,NaN,0.0799999999999983,NaN,NaN,3.82,5.82,NaN,12.23,NaN
-8.66,-7.87,NaN,-5.4,-4.75,NaN,NaN,-2.28,-1.05,-0.0300000000000011,1.68,NaN,3.87,NaN,NaN,NaN,NaN
-8.66,-7.87,-6.37,NaN,-4.75,-3.93,-2.98,NaN,NaN,0.120000000000001,NaN,3.32,NaN,5.82,NaN,12.23,NaN
-8.66,-7.87,NaN,-5.48,NaN,-4.03,-3.18,NaN,-0.84,0.210000000000001,1.72,NaN,4.01,5.82,NaN,12.23,NaN
-8.67,NaN,-6.37,-5.46,NaN,NaN,NaN,NaN,NaN,0.109999999999999,1.76,NaN,3.98,NaN,7.83,NaN,17.37
-8.67,NaN,-6.37,-5.48,NaN,-4.16,-2.95,NaN,-1.01,0.129999999999999,NaN,3.12,NaN,5.82,7.83,12.23,17.37
-8.66,-7.87,NaN,-5.47,-4.62,-3.8,NaN,-2.2,NaN,0.210000000000001,1.74,NaN,3.94,5.82,7.83,NaN,17.37
-8.67,NaN,-6.35,-5.49,NaN,-3.98,-2.74,NaN,NaN,0.210000000000001,NaN,2.87,NaN,5.82,NaN,12.23,NaN
-8.67,NaN,-6.36,-5.54,NaN,NaN,-2.94,NaN,NaN,0.0799999999999983,NaN,3.17,NaN,NaN,7.83,12.23,17.37
-8.66,-7.87,-6.37,-5.46,-4.7,-3.97,-2.98,NaN,NaN,-0.0700000000000003,1.67,3.24,NaN,5.82,NaN,NaN,NaN
-8.66,-7.87,NaN,-5.48,NaN,NaN,-3.1,NaN,NaN,0.300000000000001,1.64,3.23,NaN,5.82,NaN,12.23,NaN
-8.67,NaN,-6.37,-5.51,NaN,NaN,-2.99,NaN,NaN,0.219999999999999,1.6,3.17,3.92,NaN,7.83,12.23,17.37
NaN,-7.86,-6.37,NaN,-4.71,NaN,-2.98,NaN,NaN,0.370000000000001,1.72,3.34,3.85,5.82,7.83,12.23,17.37
-8.66,-7.87,-6.37,-5.41,NaN,-3.93,NaN,NaN,NaN,0.169999999999998,1.76,3.2,3.92,5.82,7.83,12.23,17.37
-8.67,NaN,-6.36,-5.48,NaN,NaN,NaN,-2.06,NaN,0.0700000000000003,1.81,3.24,3.95,5.82,7.83,12.23,17.37
NaN,-7.86,-6.37,NaN,-4.83,NaN,-2.95,NaN,-0.890000000000001,0.109999999999999,1.55,NaN,NaN,5.82,7.83,NaN,17.37
NaN,NaN,-6.37,-5.35,NaN,-4.22,NaN,-2.35,-0.98,0.41,1.62,3.08,NaN,5.82,7.83,NaN,17.37
-8.66,-7.87,-6.37,-5.5,-4.48,NaN,-2.93,-2.24,-0.969999999999999,0.129999999999999,1.81,NaN,NaN,5.82,7.83,NaN,17.37
NaN,-7.86,-6.36,-5.5,NaN,-4.25,-3.09,NaN,NaN,0.120000000000001,1.71,NaN,NaN,NaN,7.83,12.23,17.37
NaN,NaN,-6.35,-5.5,NaN,-4.19,NaN,NaN,NaN,-0.0700000000000003,1.76,3.26,NaN,5.82,7.83,NaN,17.37
NaN,-7.86,-6.36,-5.51,-4.45,-3.83,-2.89,NaN,NaN,0.0899999999999999,1.57,NaN,3.91,5.82,NaN,12.23,NaN
NaN,-7.86,-6.37,-5.39,-4.68,-3.94,-2.86,NaN,NaN,-0.0899999999999999,1.75,3.24,NaN,5.82,NaN,NaN,NaN
-8.67,NaN,-6.36,-5.48,NaN,-4.17,-3.09,NaN,NaN,0.0399999999999991,1.72,NaN,4.19,NaN,7.83,12.23,17.37
-8.67,-7.91,NaN,-5.51,NaN,NaN,-3.37,NaN,NaN,0.219999999999999,1.5,3.17,NaN,5.82,7.83,NaN,17.37
-8.67,NaN,-6.37,-5.44,NaN,-3.77,NaN,-2.08,NaN,0.109999999999999,NaN,3.3,NaN,NaN,7.83,12.23,17.37
-8.66,-7.87,NaN,NaN,NaN,-4.02,NaN,NaN,-0.969999999999999,0.25,1.71,NaN,NaN,5.82,7.83,12.23,17.37
-8.67,NaN,-6.37,-5.52,-4.32,NaN,-2.9,NaN,NaN,0.309999999999999,1.68,3.08,NaN,NaN,7.83,12.23,17.37
-8.67,NaN,NaN,-5.46,NaN,NaN,-3.16,NaN,-1.04,0.0799999999999983,1.65,3.07,4.22,NaN,7.83,NaN,17.37
-8.67,NaN,-6.37,NaN,NaN,-4.14,NaN,-2.53,-1.01,0.0300000000000011,1.57,3.05,3.89,5.82,7.83,NaN,17.37
-8.66,-7.87,NaN,-5.46,-4.4,NaN,NaN,NaN,NaN,0.199999999999999,1.72,3.16,NaN,5.82,7.83,NaN,17.37
-8.66,-7.87,-6.37,-5.44,-4.36,NaN,NaN,-2.15,NaN,0.18,1.52,2.88,NaN,5.82,7.83,12.23,17.37
-8.66,-7.87,-6.37,NaN,-4.67,-3.95,-2.8,NaN,-1.11,0.00999999999999801,1.7,NaN,3.96,NaN,NaN,12.23,NaN
-8.66,-7.87,-6.36,-5.52,-4.47,NaN,NaN,NaN,NaN,0.109999999999999,1.76,3.31,3.89,5.82,NaN,NaN,NaN
-8.66,-7.87,NaN,-5.5,-4.5,-3.86,NaN,NaN,NaN,0.23,1.66,NaN,NaN,5.82,7.83,12.23,17.37
NaN,NaN,NaN,NaN,-4.79,NaN,NaN,NaN,NaN,0.18,1.68,NaN,NaN,5.82,NaN,12.23,NaN
NaN,-7.86,-6.36,-5.52,-4.73,NaN,-3.3,NaN,-1.25,0.300000000000001,1.82,NaN,NaN,5.82,7.83,NaN,17.37
-8.66,-7.87,-6.36,-5.51,NaN,-3.93,NaN,NaN,NaN,0.0300000000000011,1.67,3.01,4.25,5.82,7.83,NaN,17.37
-8.67,-7.88,-6.36,-5.5,-4.48,NaN,-3,NaN,NaN,-0.0300000000000011,1.61,3.17,3.88,5.82,7.83,NaN,17.37
NaN,NaN,-6.37,-5.47,NaN,-4.12,-3.19,NaN,NaN,0.00999999999999801,1.65,3.31,NaN,NaN,7.83,12.23,17.37
NaN,-7.86,-6.37,-5.5,NaN,-4.13,-3.04,NaN,-0.949999999999999,0.199999999999999,1.69,NaN,NaN,5.82,7.83,12.23,17.37
-8.67,NaN,-6.36,-5.47,-4.81,-3.67,-3.37,NaN,NaN,0.0999999999999979,NaN,NaN,NaN,5.82,7.83,12.23,17.37
-8.66,-7.87,NaN,-5.46,-4.68,NaN,-3.19,NaN,-1.23,-0.0899999999999999,1.75,NaN,NaN,NaN,7.83,NaN,17.37
-8.67,NaN,-6.36,-5.5,NaN,-4.11,NaN,NaN,NaN,0.259999999999998,1.62,3.18,NaN,5.82,NaN,12.23,NaN
NaN,-7.86,NaN,-5.51,NaN,-3.94,NaN,NaN,NaN,0.169999999999998,1.48,NaN,NaN,NaN,NaN,NaN,NaN
-8.66,-7.87,-6.37,-5.46,NaN,NaN,-3.01,NaN,NaN,0.16,1.8,3.24,NaN,5.82,7.83,12.23,17.37
NaN,NaN,NaN,-5.47,NaN,-4.13,NaN,NaN,NaN,0.140000000000001,1.76,NaN,3.81,NaN,7.83,12.23,17.37
-8.67,NaN,-6.36,-5.5,NaN,-3.84,NaN,NaN,NaN,-0.0599999999999987,NaN,3.28,NaN,5.82,7.83,NaN,17.37
-8.66,-7.87,-6.37,-5.48,-4.62,NaN,-3.01,NaN,NaN,0.25,1.76,3.19,NaN,NaN,7.83,NaN,17.37
-8.66,-7.87,-6.36,-5.51,-4.73,NaN,NaN,NaN,NaN,0.109999999999999,1.53,2.99,3.83,5.82,7.83,NaN,17.37
-8.67,NaN,-6.37,NaN,NaN,NaN,NaN,NaN,NaN,-0.0599999999999987,1.74,NaN,3.85,5.82,7.83,NaN,17.37
-8.66,-7.87,NaN,NaN,-4.78,NaN,NaN,NaN,NaN,0.18,1.92,3.33,NaN,NaN,7.83,12.23,17.37
-8.67,-7.88,-6.36,-5.5,NaN,NaN,-3.18,NaN,NaN,0.25,1.56,3.23,NaN,NaN,7.83,12.23,17.37
-8.66,-7.87,NaN,-5.5,-4.75,NaN,-3.1,NaN,-0.93,0.109999999999999,1.68,NaN,NaN,NaN,7.83,12.23,17.37
-8.67,NaN,-6.37,-5.46,NaN,-3.75,NaN,NaN,NaN,0.109999999999999,1.65,3.16,NaN,NaN,NaN,12.23,NaN
-8.67,NaN,-6.35,-5.53,NaN,NaN,-3.11,NaN,-0.879999999999999,0.18,1.64,3.22,NaN,5.82,7.83,12.23,17.37
-8.66,-7.87,NaN,-5.5,-4.49,NaN,-3.18,NaN,-1.1,0.349999999999998,1.77,3.25,NaN,NaN,NaN,NaN,NaN
-8.66,-7.87,-6.37,NaN,-4.5,NaN,NaN,NaN,NaN,-0.0700000000000003,1.64,NaN,3.81,NaN,NaN,12.23,NaN
-8.67,NaN,-6.35,-5.5,-4.65,-3.75,NaN,-2.61,NaN,0.140000000000001,1.43,3.24,3.8,5.82,NaN,12.23,NaN
NaN,-7.86,NaN,-5.47,NaN,-4.25,-3.36,-2.23,NaN,0.239999999999998,1.72,3.17,NaN,5.82,7.83,12.23,17.37
-8.67,NaN,-6.37,-5.52,NaN,NaN,NaN,NaN,NaN,0.349999999999998,2,3.03,NaN,NaN,NaN,NaN,NaN
-8.66,-7.87,-6.36,-5.52,NaN,NaN,NaN,NaN,NaN,0.149999999999999,1.57,3.39,NaN,NaN,7.83,NaN,17.37
NaN,NaN,NaN,-5.5,NaN,NaN,NaN,NaN,-0.93,0.210000000000001,NaN,3.23,NaN,NaN,7.83,12.23,17.37
-8.66,-7.87,-6.35,-5.53,-4.68,NaN,NaN,NaN,-1.39,0.23,1.7,NaN,4.2,5.82,NaN,NaN,NaN
-8.67,NaN,-6.37,-5.52,NaN,-3.92,-2.9,NaN,NaN,0.219999999999999,NaN,NaN,NaN,NaN,7.83,NaN,17.37
-8.66,-7.87,-6.36,-5.48,-4.38,NaN,-3.34,NaN,-1,0.149999999999999,1.7,NaN,NaN,5.82,NaN,12.23,NaN
-8.66,-7.87,NaN,-5.4,NaN,-3.78,-2.73,NaN,NaN,0.18,1.64,NaN,NaN,5.82,NaN,NaN,NaN
-8.67,NaN,-6.37,-5.45,NaN,NaN,-3.05,NaN,NaN,0.109999999999999,1.75,NaN,4.28,NaN,7.83,12.23,17.37
-8.67,NaN,NaN,-5.48,-4.56,NaN,-3.17,NaN,NaN,-0.0300000000000011,1.78,3.12,3.96,5.82,7.83,NaN,17.37
-8.65,-7.87,-6.37,-5.53,-4.47,NaN,-3.15,NaN,NaN,-0.0799999999999983,1.77,3.21,NaN,5.82,7.83,NaN,17.37
NaN,-7.86,NaN,-5.49,-4.66,-3.86,NaN,NaN,NaN,0.00999999999999801,1.61,NaN,4.14,NaN,7.83,12.23,17.37
-8.66,-7.87,-6.37,-5.47,-4.68,NaN,-3.18,NaN,-0.989999999999998,0.210000000000001,1.7,3.15,NaN,NaN,7.83,NaN,17.37
-8.66,-7.87,-6.37,-5.43,NaN,-3.91,-2.81,NaN,NaN,0.0199999999999996,1.8,NaN,NaN,5.82,7.83,12.23,17.37
-8.66,-7.87,NaN,-5.5,NaN,-3.93,NaN,NaN,NaN,0.0700000000000003,1.77,3.16,3.92,NaN,7.83,NaN,17.37
-8.67,NaN,-6.36,-5.48,-4.85,NaN,NaN,NaN,NaN,-0.109999999999999,1.59,3.12,4.23,5.82,7.83,12.23,17.37
-8.66,-7.87,-6.37,-5.48,NaN,-4.17,-3.12,NaN,NaN,0.0399999999999991,1.81,NaN,3.96,NaN,7.83,NaN,17.37
-8.67,NaN,-6.37,-5.53,NaN,NaN,-2.99,NaN,NaN,-0.0599999999999987,1.76,NaN,NaN,NaN,7.83,12.23,17.37
NaN,-7.86,-6.37,-5.41,-4.69,NaN,-3.16,NaN,-0.949999999999999,0.149999999999999,1.9,3.15,NaN,5.82,NaN,12.23,NaN
-8.67,NaN,-6.36,-5.48,NaN,-4,NaN,NaN,NaN,0.259999999999998,NaN,3.21,3.97,NaN,7.83,12.23,17.37
-8.66,-7.87,NaN,-5.51,NaN,-4.04,NaN,NaN,NaN,0.219999999999999,1.64,NaN,NaN,5.82,7.83,12.23,17.37
-8.66,-7.87,-6.36,-5.46,-4.63,NaN,-3.09,-2.05,NaN,0.109999999999999,1.56,3.19,NaN,5.82,7.83,12.23,17.37
NaN,-7.86,-6.36,-5.49,NaN,-3.83,NaN,NaN,NaN,0.149999999999999,1.72,3.25,NaN,NaN,NaN,12.23,NaN
-8.67,NaN,NaN,-5.51,NaN,NaN,NaN,NaN,NaN,0.23,1.91,NaN,3.82,5.82,NaN,12.23,NaN
-8.66,-7.87,-6.37,-5.49,-4.58,NaN,-3.06,NaN,NaN,0.169999999999998,1.82,NaN,NaN,5.82,NaN,12.23,NaN
-8.67,NaN,NaN,-5.48,NaN,NaN,-2.92,-2.18,NaN,0.199999999999999,1.77,NaN,3.98,5.82,NaN,12.23,NaN
-8.66,-7.87,-6.36,-5.5,NaN,NaN,-3.21,NaN,-1.04,0.329999999999998,NaN,3.24,4.04,5.82,7.83,12.23,17.37
-8.66,-7.87,-6.37,-5.44,-4.7,NaN,NaN,-2.3,NaN,0.169999999999998,1.62,3.23,3.84,5.82,NaN,NaN,NaN
NaN,-7.86,-6.37,NaN,-4.65,NaN,-2.99,NaN,NaN,0.0399999999999991,NaN,NaN,NaN,5.82,7.83,NaN,17.37
-8.67,NaN,-6.36,-5.5,NaN,-4.3,-3.34,-2.2,-1.15,-0.0300000000000011,1.71,3.25,NaN,NaN,7.83,12.23,17.37
NaN,NaN,-6.36,-5.48,NaN,-3.89,-2.95,NaN,-1.12,0.259999999999998,1.65,NaN,3.79,NaN,7.83,NaN,17.37
-8.67,NaN,NaN,-5.48,NaN,-3.91,NaN,-2.43,-0.949999999999999,0.239999999999998,NaN,3.08,3.85,5.82,7.83,12.23,17.37
-8.67,NaN,NaN,-5.45,NaN,NaN,-3.24,-1.99,NaN,0,1.6,3.21,NaN,5.82,NaN,NaN,NaN
-8.66,-7.87,NaN,-5.47,-4.68,-3.73,NaN,NaN,NaN,0.120000000000001,1.76,NaN,4.31,NaN,NaN,NaN,NaN
NaN,-7.86,-6.37,NaN,NaN,-4.02,NaN,NaN,NaN,-0.0999999999999979,1.8,3.28,NaN,5.82,NaN,12.23,NaN
NaN,-7.86,NaN,-5.47,NaN,-3.8,NaN,NaN,NaN,0.0700000000000003,1.57,NaN,NaN,5.82,NaN,12.23,NaN
-8.66,-7.87,-6.37,-5.49,NaN,-4.03,-3.04,-1.93,NaN,0.129999999999999,1.71,NaN,3.96,NaN,7.83,12.23,17.37
-8.67,NaN,-6.36,-5.52,NaN,NaN,NaN,NaN,NaN,-0.0300000000000011,NaN,NaN,4.09,NaN,7.83,NaN,17.37
NaN,NaN,NaN,-5.5,NaN,NaN,-3.34,NaN,NaN,0.0999999999999979,1.73,3.31,NaN,5.82,NaN,12.23,NaN
NaN,NaN,NaN,NaN,-4.61,NaN,-3.19,NaN,-1.01,0.259999999999998,1.79,3.31,3.85,5.82,7.83,NaN,17.37
-8.66,-7.87,NaN,-5.5,NaN,-4.03,-3.23,NaN,NaN,0.0799999999999983,1.64,3.19,NaN,5.82,7.83,12.23,17.37
NaN,NaN,NaN,-5.52,NaN,-4.03,NaN,NaN,NaN,0.16,1.8,3.26,NaN,NaN,7.83,NaN,17.37
NaN,-7.86,-6.36,-5.47,NaN,-3.91,-3,NaN,NaN,0.0700000000000003,1.61,3.22,NaN,NaN,NaN,12.23,NaN
-8.66,-7.87,-6.37,-5.52,NaN,-3.96,-3,NaN,NaN,0.140000000000001,1.58,NaN,NaN,5.82,7.83,NaN,17.37
-8.67,NaN,-6.37,NaN,NaN,-4.02,-3.02,NaN,NaN,0.219999999999999,1.7,3.02,4.31,NaN,NaN,NaN,NaN
-8.66,-7.87,NaN,NaN,-4.76,NaN,-3.27,NaN,NaN,0.300000000000001,1.7,3.28,NaN,5.82,7.83,12.23,17.37
-8.67,NaN,-6.37,-5.35,NaN,-4.06,NaN,NaN,NaN,0.0199999999999996,1.65,3.12,NaN,5.82,7.83,12.23,17.37
NaN,NaN,NaN,NaN,-4.79,-3.89,NaN,NaN,NaN,0.129999999999999,NaN,NaN,3.95,5.82,7.83,12.23,17.37
-8.67,NaN,-6.37,-5.4,NaN,NaN,-3.01,NaN,-1.19,-0.0599999999999987,1.53,3.15,4.21,5.82,7.83,12.23,17.37
-8.66,-7.87,-6.36,-5.52,NaN,-3.9,NaN,NaN,NaN,0.129999999999999,1.62,NaN,NaN,5.82,NaN,12.23,NaN
-8.67,NaN,-6.37,-5.49,NaN,-4.02,-2.87,NaN,NaN,0.0399999999999991,1.85,NaN,NaN,5.82,7.83,NaN,17.37
-8.66,-7.87,-6.36,-5.51,-4.71,NaN,NaN,-1.99,NaN,0.27,1.73,2.98,NaN,5.82,7.83,12.23,17.37
-8.66,-7.87,-6.36,-5.46,-4.65,NaN,-2.93,NaN,-1.13,0.25,1.72,3.02,4.06,5.82,7.83,12.23,17.37
-8.67,NaN,-6.36,-5.47,NaN,NaN,-3.1,NaN,-1.18,0.280000000000001,1.73,NaN,4.02,NaN,7.83,NaN,17.37
-8.66,-7.87,NaN,-5.46,-4.81,NaN,-3.24,-2.11,NaN,0,1.73,3.22,NaN,NaN,NaN,12.23,NaN
-8.66,-7.87,-6.36,-5.48,-4.77,-3.84,-2.92,NaN,NaN,-0.0700000000000003,1.72,NaN,4.05,5.82,7.83,12.23,17.37
NaN,-7.86,-6.36,-5.47,NaN,-3.95,NaN,NaN,NaN,0.0599999999999987,NaN,3.2,4.04,NaN,7.83,NaN,17.37
-8.66,-7.87,-6.37,-5.47,NaN,-4.13,-2.99,NaN,-0.899999999999999,0.210000000000001,1.63,2.94,3.97,5.82,NaN,12.23,NaN
-8.66,-7.87,NaN,-5.5,-4.38,NaN,NaN,-2.34,-0.949999999999999,0.210000000000001,NaN,NaN,3.94,5.82,7.83,12.23,17.37
NaN,-7.86,NaN,-5.45,-4.69,NaN,-3.38,NaN,NaN,0.190000000000001,1.62,2.94,NaN,5.82,7.83,NaN,17.37
-8.66,-7.87,-6.36,-5.49,-4.49,NaN,NaN,NaN,NaN,-0.0599999999999987,NaN,3.27,NaN,NaN,7.83,NaN,17.37
-8.67,NaN,-6.36,-5.46,NaN,-3.95,-3.21,NaN,NaN,0.16,1.61,NaN,3.97,NaN,NaN,NaN,NaN
-8.66,-7.87,-6.37,-5.38,-4.73,-3.93,-3,NaN,-1.06,0.199999999999999,NaN,NaN,4.21,NaN,7.83,12.23,17.37
-8.66,-7.87,-6.35,-5.49,-4.48,NaN,-2.78,NaN,NaN,0.32,1.7,3.17,3.91,5.82,NaN,12.23,NaN
-8.66,-7.87,-6.37,NaN,-4.73,-3.96,NaN,NaN,-0.98,0.0399999999999991,NaN,3.03,NaN,NaN,7.83,12.23,17.37
-8.67,NaN,NaN,-5.47,NaN,-4.24,NaN,NaN,NaN,0.190000000000001,1.7,3.28,4.29,5.82,NaN,12.23,NaN
NaN,-7.86,-6.37,-5.48,-4.58,NaN,-3.05,NaN,NaN,-0.0500000000000007,1.6,3.22,NaN,5.82,7.83,12.23,17.37
NaN,NaN,-6.36,-5.47,NaN,NaN,-2.78,NaN,NaN,0.300000000000001,NaN,NaN,4.2,5.82,7.83,12.23,17.37
NaN,NaN,-6.37,-5.44,-4.81,NaN,-3.27,NaN,NaN,-0.0399999999999991,1.63,3.26,NaN,5.82,7.83,NaN,17.37
-8.66,-7.87,-6.36,-5.46,-4.66,-3.92,-3,-2.09,NaN,0.0399999999999991,1.74,2.99,NaN,5.82,7.83,12.23,17.37
NaN,-7.86,-6.37,-5.47,-4.68,NaN,-3.03,NaN,NaN,0.120000000000001,1.66,3.21,NaN,NaN,NaN,NaN,NaN
-8.66,-7.87,-6.36,-5.48,NaN,-4.2,-3.32,NaN,NaN,0.149999999999999,NaN,3.4,NaN,NaN,7.83,12.23,17.37
-8.67,NaN,-6.36,-5.49,NaN,-4.05,NaN,-2.15,NaN,0.219999999999999,1.73,3.19,4.01,5.82,7.83,12.23,17.37
-8.66,-7.87,-6.37,NaN,NaN,NaN,-3.1,NaN,NaN,0.0999999999999979,1.61,3.18,3.94,5.82,7.83,12.23,17.37
-8.66,-7.87,-6.37,-5.4,-4.69,-3.78,-2.99,NaN,NaN,0,1.69,NaN,NaN,5.82,NaN,12.23,NaN
-8.66,-7.87,NaN,-5.47,-4.56,-4,-3.06,NaN,-1.02,0.109999999999999,1.74,NaN,3.94,5.82,7.83,12.23,17.37
NaN,-7.86,-6.37,-5.5,NaN,NaN,-3.11,NaN,-1.03,0.199999999999999,1.7,NaN,4.01,NaN,7.83,NaN,17.37
-8.66,-7.87,NaN,-5.49,-4.69,NaN,-3.19,NaN,NaN,0.109999999999999,1.76,3.09,4.21,NaN,7.83,12.23,17.37
NaN,-7.86,NaN,-5.42,NaN,-4.19,NaN,NaN,-0.969999999999999,0.109999999999999,1.69,3.03,4.04,5.82,NaN,12.23,NaN
-8.67,-7.9,NaN,-5.47,NaN,-4.26,NaN,NaN,NaN,0.0700000000000003,1.55,2.97,NaN,5.82,7.83,NaN,17.37
NaN,-7.86,-6.37,-5.5,-4.43,NaN,-3.04,NaN,NaN,0.34,1.74,3.18,NaN,5.82,NaN,12.23,NaN
NaN,-7.86,-6.36,-5.48,-4.67,NaN,-3.16,NaN,NaN,-0.0999999999999979,1.7,3.27,NaN,5.82,7.83,12.23,17.37
-8.67,NaN,NaN,-5.5,NaN,-3.86,NaN,NaN,NaN,0.0199999999999996,1.78,NaN,3.86,5.82,NaN,12.23,NaN
NaN,-7.86,NaN,-5.5,NaN,NaN,NaN,NaN,NaN,0.219999999999999,1.71,3.13,NaN,5.82,7.83,12.23,17.37
NaN,NaN,-6.37,-5.42,NaN,-4.18,NaN,NaN,NaN,0.23,1.63,3.22,NaN,5.82,7.83,12.23,17.37
-8.67,NaN,-6.36,-5.48,NaN,-3.88,NaN,NaN,NaN,0.0300000000000011,1.72,3.22,3.91,NaN,7.83,12.23,17.37
-8.66,-7.87,-6.37,-5.49,-4.68,NaN,-3.04,NaN,-0.960000000000001,0.0399999999999991,1.71,NaN,3.93,5.82,NaN,NaN,NaN
-8.66,-7.87,-6.36,-5.53,-4.72,NaN,NaN,-2.22,NaN,0.0399999999999991,1.8,3.29,3.88,5.82,7.83,NaN,17.37
NaN,-7.86,NaN,-5.51,NaN,-3.91,NaN,NaN,-0.91,0.32,1.59,NaN,3.97,5.82,7.83,12.23,17.37
-8.66,-7.87,NaN,-5.43,NaN,-3.95,NaN,-2.23,-0.91,0.199999999999999,1.72,3.23,NaN,NaN,7.83,12.23,17.37
-8.66,-7.87,-6.37,-5.48,-4.35,NaN,NaN,NaN,NaN,0.0899999999999999,1.68,3.07,NaN,5.82,7.83,12.23,17.37
-8.66,-7.87,-6.37,-5.44,-4.79,-3.9,NaN,NaN,NaN,0.169999999999998,1.62,NaN,NaN,5.82,NaN,NaN,NaN
-8.67,NaN,-6.37,-5.54,NaN,-4.26,-3.03,NaN,NaN,-0.00999999999999801,1.87,NaN,3.86,5.82,7.83,12.23,17.37
NaN,-7.86,NaN,-5.5,NaN,-4.18,NaN,NaN,NaN,0.149999999999999,1.71,3.04,4.41,NaN,7.83,NaN,17.37
NaN,-7.86,-6.37,-5.45,-4.59,NaN,-2.98,NaN,NaN,0.0799999999999983,1.64,NaN,3.91,NaN,7.83,12.23,17.37
NaN,-7.86,-6.36,-5.48,NaN,-4.28,-3.24,NaN,NaN,0.25,1.65,3.18,4.01,5.82,7.83,12.23,17.37
-8.67,NaN,NaN,-5.46,NaN,-3.98,NaN,NaN,NaN,0.329999999999998,1.74,3.31,NaN,NaN,7.83,12.23,17.37
-8.66,-7.87,-6.36,-5.52,NaN,-4.24,-3.03,NaN,-0.98,0.300000000000001,1.81,3.22,NaN,5.82,7.83,12.23,17.37
NaN,NaN,-6.36,-5.43,-4.83,-4.02,NaN,NaN,NaN,0.0599999999999987,1.68,NaN,3.87,5.82,7.83,12.23,17.37
NaN,-7.86,-6.36,-5.51,-4.51,NaN,NaN,-2.21,NaN,-0.0399999999999991,1.62,NaN,4.2,NaN,NaN,12.23,NaN
-8.66,-7.87,-6.36,-5.49,-4.38,NaN,NaN,NaN,NaN,0.190000000000001,1.74,3.27,NaN,5.82,NaN,12.23,NaN
-8.66,-7.87,NaN,-5.51,-4.67,NaN,-3.22,NaN,NaN,0.140000000000001,1.89,NaN,3.93,5.82,7.83,12.23,17.37
NaN,-7.86,NaN,-5.45,-4.78,-3.71,NaN,NaN,NaN,0.259999999999998,NaN,3.05,NaN,5.82,7.83,NaN,17.37
-8.67,NaN,-6.36,-5.51,NaN,-4.01,-3.1,NaN,NaN,0.129999999999999,1.78,NaN,NaN,NaN,NaN,NaN,NaN
-8.66,-7.87,-6.37,NaN,-4.74,NaN,-3,NaN,NaN,0.0300000000000011,1.61,NaN,3.97,5.82,7.83,NaN,17.37
-8.66,-7.87,-6.37,-5.46,NaN,-4.01,NaN,-2.19,NaN,0.0199999999999996,1.72,3.2,NaN,5.82,7.83,12.23,17.37
-8.67,NaN,-6.37,-5.42,NaN,-4.18,-3.14,NaN,NaN,0.16,1.65,NaN,NaN,5.82,7.83,12.23,17.37
NaN,NaN,-6.37,-5.44,-4.89,NaN,-3.28,NaN,NaN,0.120000000000001,NaN,3.19,3.93,NaN,NaN,NaN,NaN
-8.66,-7.87,NaN,-5.51,NaN,-3.86,NaN,-2.15,NaN,0.129999999999999,1.76,2.88,NaN,5.82,NaN,12.23,NaN
-8.67,NaN,-6.36,-5.52,-4.85,NaN,-3.31,NaN,NaN,0.109999999999999,1.89,3.29,NaN,5.82,7.83,NaN,17.37
NaN,NaN,-6.37,-5.47,-4.87,NaN,-3.02,NaN,NaN,0.379999999999999,1.74,3.25,NaN,5.82,NaN,12.23,NaN
NaN,NaN,NaN,-5.47,NaN,NaN,NaN,-2.32,NaN,0.199999999999999,NaN,3.26,NaN,5.82,NaN,12.23,NaN
NaN,NaN,-6.37,-5.47,NaN,NaN,-3.16,NaN,NaN,-0.00999999999999801,1.7,3.29,NaN,NaN,7.83,12.23,17.37
-8.66,-7.87,-6.36,-5.5,-4.58,NaN,-3.24,NaN,NaN,-0.0399999999999991,1.7,3.13,4.27,NaN,NaN,NaN,NaN
NaN,NaN,-6.37,-5.46,NaN,NaN,NaN,NaN,NaN,0.0500000000000007,1.64,3.18,4.41,NaN,7.83,12.23,17.37
NaN,-7.86,-6.35,-5.52,-4.82,NaN,NaN,-2.33,NaN,0.259999999999998,NaN,3.21,NaN,5.82,7.83,12.23,17.37
-8.66,-7.87,NaN,-5.5,-4.59,NaN,NaN,-2.28,NaN,0.0300000000000011,1.74,NaN,4.1,NaN,7.83,12.23,17.37
-8.67,NaN,NaN,-5.51,NaN,-4.17,-3.21,NaN,NaN,0.0799999999999983,1.67,NaN,4.19,5.82,7.83,NaN,17.37
-8.66,-7.87,-6.37,-5.46,-4.83,-3.92,NaN,NaN,NaN,0.0999999999999979,1.62,3.09,4.11,NaN,NaN,12.23,NaN
-8.66,-7.87,-6.37,-5.48,NaN,-4.19,NaN,NaN,NaN,0.0599999999999987,1.7,3.17,NaN,5.82,7.83,NaN,17.37
-8.67,NaN,NaN,-5.47,NaN,-3.68,NaN,NaN,NaN,0.0199999999999996,1.64,NaN,3.93,5.82,7.83,12.23,17.37
-8.66,-7.87,NaN,-5.46,-4.77,NaN,-3.25,NaN,-1.03,0.210000000000001,1.69,3.14,NaN,NaN,NaN,NaN,NaN
-8.66,-7.87,NaN,-5.47,NaN,-3.83,NaN,-2.04,NaN,-0.190000000000001,1.75,3.3,NaN,5.82,NaN,12.23,NaN
-8.66,-7.87,NaN,-5.5,NaN,-3.99,NaN,NaN,NaN,0.289999999999999,1.62,NaN,NaN,5.82,NaN,12.23,NaN
NaN,-7.86,-6.37,-5.48,-4.73,NaN,NaN,NaN,NaN,0.210000000000001,1.67,3.1,NaN,5.82,7.83,12.23,17.37
NaN,NaN,-6.37,-5.54,NaN,NaN,-3.1,NaN,NaN,0.190000000000001,1.69,NaN,4.27,5.82,7.83,12.23,17.37
-8.66,-7.87,NaN,-5.41,-4.81,NaN,NaN,NaN,NaN,0.18,1.81,3.2,NaN,NaN,7.83,12.23,17.37
-8.66,-7.87,-6.37,-5.44,-4.66,-3.86,NaN,NaN,NaN,0.169999999999998,1.69,3.26,NaN,NaN,7.83,12.23,17.37
-8.67,NaN,NaN,-5.47,NaN,-4.2,-3.38,NaN,NaN,0.0899999999999999,1.65,NaN,NaN,NaN,NaN,12.23,NaN
NaN,-7.86,NaN,-5.5,-4.56,NaN,NaN,NaN,NaN,0.239999999999998,1.74,NaN,4.12,5.82,7.83,12.23,17.37
NaN,NaN,-6.37,-5.36,-4.92,NaN,-2.76,NaN,NaN,0.18,1.71,2.96,3.82,5.82,7.83,NaN,17.37
NaN,-7.86,-6.37,-5.53,-4.34,NaN,NaN,NaN,NaN,0.0799999999999983,1.74,3.04,NaN,5.82,7.83,NaN,17.37
-8.67,NaN,NaN,-5.52,-4.63,NaN,-3.29,NaN,-0.890000000000001,0.16,1.62,3.12,NaN,NaN,7.83,12.23,17.37
-8.67,NaN,NaN,-5.46,NaN,-4.24,-3.44,NaN,NaN,0.0599999999999987,NaN,3.18,3.9,NaN,7.83,12.23,17.37
NaN,-7.86,-6.37,NaN,NaN,NaN,-2.98,NaN,-0.989999999999998,0.370000000000001,1.71,3.24,NaN,NaN,7.83,12.23,17.37
-8.66,-7.87,-6.37,-5.42,NaN,-4.03,NaN,NaN,-1.03,0.0300000000000011,1.61,3.19,NaN,5.82,7.83,NaN,17.37
-8.67,NaN,-6.36,-5.48,NaN,-4.18,-3.02,NaN,NaN,0.199999999999999,1.72,3.2,NaN,5.82,7.83,12.23,17.37
-8.67,NaN,-6.37,NaN,-4.82,NaN,NaN,NaN,NaN,-0.0700000000000003,1.74,3.27,3.91,5.82,7.83,NaN,17.37
-8.67,NaN,NaN,-5.49,NaN,NaN,-3.33,NaN,-1.02,0.210000000000001,1.64,3.22,3.93,NaN,7.83,NaN,17.37
NaN,-7.86,NaN,-5.45,-4.77,NaN,NaN,-2.28,-1.3,-0.0700000000000003,1.73,3.28,NaN,NaN,7.83,NaN,17.37
NaN,NaN,NaN,-5.44,NaN,-4.07,NaN,NaN,-1.21,0.0500000000000007,1.7,NaN,NaN,NaN,7.83,12.23,17.37
-8.66,-7.87,NaN,-5.48,NaN,-4.02,NaN,NaN,NaN,0.0500000000000007,1.77,NaN,3.94,5.82,7.83,NaN,17.37
-8.67,NaN,NaN,-5.46,NaN,NaN,-3.4,NaN,-1.04,0.00999999999999801,1.57,2.98,4.26,5.82,NaN,12.23,NaN
-8.66,-7.87,NaN,-5.48,-4.66,NaN,-3.03,NaN,NaN,0.329999999999998,1.67,NaN,4.25,5.82,NaN,12.23,NaN
-8.67,NaN,NaN,-5.54,NaN,-4.22,-3,NaN,NaN,-0.0199999999999996,1.8,3.18,NaN,5.82,NaN,12.23,NaN
-8.67,NaN,-6.37,-5.45,NaN,-4.2,-2.92,-2.21,NaN,-0.0300000000000011,1.72,3.22,3.84,NaN,7.83,12.23,17.37
-8.66,-7.87,-6.37,-5.39,-4.78,-3.93,-2.86,NaN,NaN,0.0199999999999996,1.69,NaN,3.92,NaN,7.83,12.23,17.37
-8.66,-7.87,-6.36,-5.5,NaN,-3.99,NaN,NaN,NaN,-0.00999999999999801,1.9,3.13,3.97,5.82,7.83,12.23,17.37
-8.66,-7.87,NaN,-5.49,-4.77,NaN,-3.27,NaN,NaN,0.0700000000000003,1.65,3.17,NaN,5.82,NaN,12.23,NaN
-8.67,NaN,NaN,NaN,-4.77,-4.2,-3.12,NaN,NaN,0.109999999999999,1.78,3.3,NaN,5.82,NaN,12.23,NaN
-8.66,-7.87,NaN,NaN,-4.66,NaN,-3.32,NaN,NaN,0.0599999999999987,NaN,3.03,4.09,NaN,7.83,12.23,17.37
NaN,-7.86,-6.36,-5.47,-4.7,NaN,NaN,-2.16,NaN,0,1.77,NaN,NaN,5.82,7.83,NaN,17.37
NaN,-7.86,NaN,NaN,NaN,-4.08,-2.69,NaN,NaN,0.0799999999999983,1.82,NaN,4.07,5.82,7.83,NaN,17.37
NaN,NaN,-6.37,NaN,-4.78,-4.02,-2.88,NaN,-1.18,0.210000000000001,1.78,NaN,4.01,5.82,7.83,12.23,17.37
-8.66,-7.87,NaN,-5.51,-4.33,NaN,-3.14,NaN,-0.809999999999999,0.210000000000001,1.8,3.23,NaN,NaN,NaN,12.23,NaN
-8.67,NaN,NaN,-5.46,NaN,NaN,NaN,NaN,NaN,0.190000000000001,1.58,3.2,3.89,5.82,7.83,12.23,17.37
NaN,NaN,-6.36,-5.54,NaN,-4.05,NaN,NaN,NaN,0.25,1.64,3.19,4.35,NaN,NaN,12.23,NaN
-8.66,-7.87,NaN,NaN,NaN,NaN,-3.38,NaN,NaN,-0.0599999999999987,1.67,3.18,NaN,5.82,NaN,12.23,NaN
-8.66,-7.87,-6.37,-5.48,-4.48,NaN,-2.96,NaN,NaN,0.0399999999999991,1.69,3.08,4.06,NaN,7.83,12.23,17.37
-8.67,NaN,-6.36,-5.49,NaN,NaN,NaN,-2.19,NaN,0.32,NaN,3.26,NaN,NaN,7.83,12.23,17.37
NaN,-7.86,-6.37,NaN,NaN,-4.02,NaN,NaN,NaN,0.0899999999999999,1.73,NaN,4.05,5.82,7.83,NaN,17.37
-8.67,NaN,NaN,-5.52,NaN,-4.31,-3.29,NaN,NaN,0.210000000000001,1.65,NaN,3.89,5.82,7.83,NaN,17.37
NaN,NaN,-6.36,-5.49,NaN,-3.97,-3.11,NaN,-0.98,0.109999999999999,1.7,3.25,3.9,5.82,7.83,12.23,17.37
-8.66,-7.87,NaN,-5.4,-4.82,NaN,NaN,-2.22,-1.04,0.219999999999999,NaN,3.26,3.92,NaN,NaN,NaN,NaN
-8.67,NaN,-6.37,-5.48,NaN,NaN,-2.99,NaN,NaN,0.169999999999998,1.63,3.19,4.3,5.82,NaN,12.23,NaN
-8.67,NaN,NaN,-5.54,NaN,-3.88,NaN,NaN,NaN,0.0199999999999996,1.53,3.21,4.14,5.82,7.83,12.23,17.37
NaN,-7.86,-6.37,-5.51,NaN,NaN,-3.32,NaN,-0.899999999999999,0.23,1.65,3.15,4.31,5.82,NaN,12.23,NaN
NaN,-7.86,-6.35,-5.5,NaN,-4.31,-3.04,NaN,NaN,0.190000000000001,1.74,NaN,4.25,NaN,7.83,12.23,17.37
-8.65,-7.87,-6.37,NaN,-4.71,-3.81,-2.98,NaN,NaN,0.0300000000000011,1.81,3.13,4.32,NaN,NaN,12.23,NaN
-8.67,NaN,NaN,-5.5,NaN,-4.28,-3.13,NaN,NaN,0.0599999999999987,1.72,3.11,4.05,NaN,7.83,12.23,17.37
-8.66,-7.87,NaN,-5.4,-4.78,NaN,-3.34,NaN,NaN,0.219999999999999,1.67,3.18,4.32,5.82,7.83,12.23,17.37
-8.67,NaN,-6.36,-5.51,NaN,-3.81,-2.96,NaN,NaN,0.00999999999999801,1.77,NaN,3.92,NaN,7.83,NaN,17.37
-8.67,-7.88,-6.37,-5.49,NaN,-4.31,-3,-2.4,-0.940000000000001,0.219999999999999,1.71,3.21,3.85,NaN,NaN,12.23,NaN
-8.66,-7.87,NaN,-5.51,-4.69,-4.11,NaN,NaN,NaN,0.140000000000001,1.74,3.38,NaN,5.82,7.83,NaN,17.37
NaN,NaN,-6.37,-5.46,NaN,NaN,-3.12,NaN,NaN,0.259999999999998,1.7,3.25,NaN,5.82,NaN,12.23,NaN
NaN,-7.86,-6.37,NaN,-4.73,-3.97,NaN,-2.32,-0.649999999999999,0.16,1.74,3.16,4.26,5.82,NaN,NaN,NaN
-8.67,NaN,-6.36,-5.48,NaN,NaN,-3.19,NaN,-1.05,-0.0300000000000011,1.55,NaN,NaN,NaN,NaN,12.23,NaN
-8.67,NaN,-6.37,-5.44,NaN,NaN,-3.11,NaN,NaN,0.210000000000001,NaN,3.24,NaN,NaN,NaN,12.23,NaN
NaN,-7.86,-6.36,-5.49,NaN,-4.16,NaN,NaN,NaN,0.210000000000001,1.74,NaN,NaN,5.82,7.83,NaN,17.37
-8.67,NaN,-6.36,-5.53,NaN,-3.85,NaN,NaN,-1.22,0.210000000000001,NaN,NaN,3.72,5.82,7.83,12.23,17.37
-8.66,-7.87,-6.37,-5.47,-4.78,NaN,-3.04,NaN,-1,0.00999999999999801,1.73,3.07,4.18,5.82,7.83,12.23,17.37
-8.67,NaN,NaN,-5.5,-4.72,NaN,-3.21,-2.12,-0.879999999999999,0.300000000000001,1.76,3.34,3.97,5.82,7.83,12.23,17.37
-8.67,NaN,-6.36,-5.49,NaN,-3.89,-3.08,NaN,NaN,0.0599999999999987,1.64,3.13,NaN,5.82,7.83,12.23,17.37
-8.66,-7.87,NaN,-5.49,-4.49,NaN,-3.2,NaN,NaN,0.140000000000001,1.82,3.02,NaN,5.82,NaN,12.23,NaN
NaN,NaN,NaN,-5.41,-4.88,NaN,NaN,NaN,NaN,0.00999999999999801,1.66,3.18,NaN,NaN,7.83,12.23,17.37
-8.67,NaN,-6.37,-5.54,NaN,-4.3,-3.19,NaN,-0.91,0.190000000000001,1.66,2.95,4.29,5.82,7.83,NaN,17.37
-8.65,-7.87,NaN,-5.47,-4.69,NaN,-2.68,NaN,NaN,0,1.77,3.21,NaN,5.82,NaN,NaN,NaN
NaN,-7.86,NaN,-5.49,-4.82,NaN,NaN,-2.35,NaN,0.25,1.68,NaN,3.66,5.82,NaN,12.23,NaN
-8.66,-7.87,-6.36,-5.47,-4.83,-3.88,NaN,NaN,NaN,0.0500000000000007,NaN,3.28,NaN,5.82,7.83,12.23,17.37
NaN,-7.86,NaN,-5.45,NaN,-3.99,NaN,NaN,NaN,0.210000000000001,NaN,3.2,NaN,NaN,NaN,12.23,NaN
-8.66,-7.87,-6.37,NaN,-4.66,NaN,NaN,-2.15,NaN,0.0500000000000007,1.73,3.17,4.02,5.82,7.83,NaN,17.37
-8.66,-7.87,-6.35,-5.53,NaN,NaN,-3.24,NaN,NaN,-0.0199999999999996,1.7,3.27,NaN,5.82,NaN,12.23,NaN
-8.67,NaN,NaN,-5.54,NaN,-3.95,-3.14,NaN,-0.91,0.0700000000000003,1.8,NaN,3.94,NaN,7.83,12.23,17.37
-8.66,-7.87,-6.37,-5.52,NaN,-4.19,-3.01,NaN,-0.890000000000001,-0.0399999999999991,1.79,3.29,NaN,5.82,NaN,NaN,NaN
-8.67,NaN,NaN,-5.54,NaN,-4.28,-3.05,-2.03,-0.98,0.25,1.8,NaN,4.17,NaN,7.83,12.23,17.37
NaN,-7.86,NaN,NaN,-4.68,NaN,NaN,NaN,NaN,0.16,1.8,3.09,4.13,NaN,NaN,12.23,NaN
-8.65,-7.87,-6.37,-5.48,-4.57,NaN,-2.98,NaN,NaN,-0.16,1.71,3.25,NaN,5.82,NaN,12.23,NaN
-8.67,NaN,-6.36,-5.47,NaN,NaN,NaN,-2.26,NaN,0.379999999999999,1.77,3.26,NaN,NaN,NaN,NaN,NaN
NaN,-7.86,NaN,-5.51,NaN,NaN,-3.09,NaN,-0.98,0.18,1.72,NaN,NaN,5.82,NaN,12.23,NaN
NaN,-7.86,-6.36,-5.45,NaN,-3.97,NaN,NaN,NaN,0.149999999999999,NaN,NaN,4.07,NaN,7.83,NaN,17.37
NaN,-7.86,-6.37,-5.43,-4.7,NaN,-3.13,NaN,NaN,0.169999999999998,1.74,NaN,3.82,5.82,7.83,NaN,17.37
-8.67,NaN,-6.37,-5.54,NaN,-3.93,-2.76,NaN,-1.05,0.16,NaN,NaN,4.32,5.82,NaN,12.23,NaN
-8.66,-7.87,-6.37,-5.46,-4.61,NaN,NaN,NaN,NaN,0.199999999999999,1.66,3.26,NaN,5.82,NaN,NaN,NaN
-8.67,NaN,-6.37,NaN,NaN,NaN,-3.29,NaN,-1,0.309999999999999,1.63,3.11,NaN,5.82,NaN,12.23,NaN
NaN,NaN,-6.37,-5.54,NaN,NaN,-3.09,NaN,NaN,0.32,1.78,3.35,4.37,5.82,7.83,12.23,17.37
NaN,-7.86,NaN,-5.46,NaN,-3.99,-3.19,-2.03,NaN,0.329999999999998,1.79,3.09,NaN,NaN,7.83,NaN,17.37
-8.66,-7.87,-6.37,-5.46,NaN,NaN,-3.34,NaN,-1.1,0.0199999999999996,1.75,3.01,NaN,NaN,NaN,NaN,NaN
NaN,-7.86,-6.36,-5.53,NaN,-3.95,NaN,NaN,-1,0.32,1.84,3.29,NaN,NaN,7.83,12.23,17.37
-8.66,-7.87,-6.37,-5.47,-4.65,NaN,-3.24,NaN,NaN,0.210000000000001,1.55,2.95,4.2,5.82,7.83,12.23,17.37
-8.66,-7.87,-6.36,-5.49,NaN,-4.09,NaN,NaN,-1.09,0.199999999999999,1.59,3.08,NaN,NaN,7.83,12.23,17.37
-8.67,NaN,NaN,-5.5,NaN,-3.89,-3.1,NaN,NaN,0.27,1.63,NaN,4.21,5.82,NaN,NaN,NaN
NaN,-7.86,NaN,-5.45,-4.77,NaN,-3.14,NaN,-1.18,0.399999999999999,1.71,3.13,NaN,5.82,NaN,12.23,NaN
-8.66,-7.87,-6.36,-5.46,-4.52,NaN,-3.16,NaN,-0.93,0.239999999999998,NaN,3.29,NaN,NaN,NaN,12.23,NaN
-8.66,-7.87,-6.36,-5.5,NaN,-4.09,-2.98,NaN,-1.13,0.32,1.52,NaN,4.14,NaN,7.83,NaN,17.37
-8.66,-7.87,-6.37,-5.5,-4.83,NaN,NaN,-2.23,NaN,0.109999999999999,1.53,3.16,NaN,NaN,NaN,NaN,NaN
-8.66,-7.87,-6.37,-5.44,-4.45,NaN,-3.1,NaN,NaN,0.210000000000001,NaN,3.14,4.21,5.82,7.83,12.23,17.37
-8.66,-7.87,-6.36,-5.47,NaN,-4.07,-2.99,NaN,-0.879999999999999,0.390000000000001,1.88,NaN,NaN,5.82,7.83,NaN,17.37
NaN,NaN,NaN,-5.48,NaN,-4.26,-3.31,NaN,-1.16,0.0700000000000003,1.81,3.23,NaN,5.82,7.83,NaN,17.37
-8.67,NaN,-6.36,-5.49,NaN,-3.71,NaN,NaN,-0.91,0.00999999999999801,NaN,3.43,3.97,5.82,7.83,12.23,17.37
-8.66,-7.87,-6.36,-5.5,NaN,NaN,NaN,NaN,-1.06,0.0999999999999979,1.74,3.23,NaN,NaN,7.83,12.23,17.37
-8.66,-7.87,-6.36,-5.48,-4.43,NaN,-3.28,NaN,-0.98,0.280000000000001,1.75,3.36,NaN,5.82,7.83,NaN,17.37
NaN,-7.86,-6.36,-5.46,-4.63,NaN,NaN,-1.89,NaN,0.0399999999999991,1.67,3.14,3.9,5.82,7.83,12.23,17.37
-8.66,-7.87,NaN,-5.48,NaN,-3.89,NaN,NaN,NaN,-0.00999999999999801,1.74,NaN,NaN,5.82,NaN,NaN,NaN
-8.64,-7.87,-6.37,NaN,-4.65,-3.97,NaN,NaN,NaN,-0.0700000000000003,1.72,NaN,4.37,NaN,7.83,12.23,17.37
-8.66,-7.87,-6.37,-5.49,NaN,-4.11,NaN,NaN,NaN,0.239999999999998,1.8,3.32,NaN,NaN,NaN,12.23,NaN
-8.66,-7.87,-6.37,-5.47,NaN,-4,NaN,NaN,NaN,-0.0799999999999983,1.68,NaN,4.26,NaN,NaN,12.23,NaN
-8.67,NaN,-6.36,-5.48,NaN,-4.1,NaN,-2.29,NaN,0.0599999999999987,1.72,3.21,NaN,NaN,7.83,12.23,17.37
-8.67,NaN,-6.36,-5.49,NaN,-3.92,NaN,-2.05,NaN,-0.0599999999999987,1.65,NaN,NaN,5.82,NaN,12.23,NaN
-8.67,NaN,-6.36,-5.49,-4.86,NaN,-2.98,NaN,NaN,0.32,1.7,NaN,NaN,5.82,NaN,NaN,NaN
NaN,-7.86,-6.36,-5.47,-4.84,NaN,NaN,NaN,NaN,0.00999999999999801,1.41,3.35,NaN,5.82,7.83,NaN,17.37
NaN,-7.86,NaN,-5.51,NaN,NaN,-3.29,NaN,NaN,0.0500000000000007,1.67,3.13,NaN,5.82,NaN,12.23,NaN
-8.67,NaN,NaN,-5.43,NaN,NaN,-3.43,NaN,NaN,0.0799999999999983,1.62,3.26,3.76,5.82,7.83,12.23,17.37
-8.66,-7.87,NaN,-5.5,NaN,-4.15,NaN,-2.67,NaN,-0.0399999999999991,1.67,3.34,NaN,5.82,NaN,12.23,NaN
-8.67,NaN,-6.37,-5.5,NaN,NaN,-3.1,NaN,NaN,0.149999999999999,1.82,NaN,NaN,5.82,NaN,12.23,NaN
-8.67,NaN,-6.37,-5.54,-4.37,NaN,-2.95,NaN,NaN,0.149999999999999,1.66,NaN,NaN,5.82,NaN,12.23,NaN
-8.67,NaN,-6.36,-5.46,NaN,-3.82,NaN,-2.15,NaN,-0.109999999999999,1.64,NaN,4.19,5.82,7.83,12.23,17.37
-8.67,NaN,NaN,-5.5,NaN,-3.94,-3.11,NaN,NaN,0.27,1.78,3.14,4.09,5.82,7.83,NaN,17.37
-8.66,-7.87,NaN,-5.48,-4.72,-3.92,NaN,NaN,NaN,0.0199999999999996,1.85,3.18,NaN,5.82,NaN,12.23,NaN
-8.67,NaN,-6.37,-5.49,-4.81,NaN,-2.98,NaN,-0.870000000000001,0.210000000000001,1.76,NaN,4.1,NaN,NaN,12.23,NaN
NaN,-7.86,-6.36,-5.49,NaN,-3.94,-2.98,NaN,NaN,0.359999999999999,1.68,3.07,4.18,5.82,NaN,12.23,NaN
-8.66,-7.87,-6.37,-5.41,NaN,-3.76,-3.06,NaN,NaN,-0.0199999999999996,1.57,3.19,4.28,5.82,7.83,12.23,17.37
-8.66,-7.87,NaN,-5.49,-4.74,-3.79,NaN,NaN,-0.849999999999998,0.309999999999999,1.75,3.07,3.95,5.82,7.83,12.23,17.37
-8.66,-7.87,NaN,-5.44,NaN,-4.19,-3.23,NaN,-1.01,0.259999999999998,1.88,3.22,NaN,5.82,7.83,NaN,17.37
NaN,NaN,NaN,-5.5,-4.43,-3.83,NaN,NaN,NaN,0.149999999999999,1.57,3.08,NaN,NaN,7.83,12.23,17.37
-8.66,-7.87,NaN,-5.46,NaN,-3.84,NaN,NaN,NaN,0.109999999999999,1.71,3.15,NaN,5.82,NaN,NaN,NaN
-8.66,-7.87,NaN,-5.52,NaN,-4.01,NaN,NaN,NaN,0.23,1.75,3.17,NaN,5.82,NaN,12.23,NaN
NaN,-7.86,-6.37,-5.44,-4.75,NaN,NaN,NaN,NaN,0.0599999999999987,1.67,3.02,3.87,5.82,7.83,12.23,17.37
-8.66,-7.87,-6.37,NaN,NaN,NaN,NaN,-2.26,-0.93,0.140000000000001,1.73,3.23,3.96,NaN,7.83,12.23,17.37
NaN,-7.86,-6.35,-5.5,NaN,-3.86,NaN,NaN,NaN,0.289999999999999,1.7,3.22,NaN,5.82,7.83,NaN,17.37
NaN,-7.86,-6.37,-5.32,NaN,-4.03,-2.76,NaN,-0.849999999999998,0.0199999999999996,1.5,NaN,3.95,5.82,NaN,NaN,NaN
NaN,NaN,-6.37,-5.49,NaN,-4.27,-3.13,NaN,-1.1,0.0399999999999991,1.76,3.11,NaN,5.82,NaN,12.23,NaN
-8.67,NaN,NaN,-5.46,NaN,-3.8,-2.94,NaN,NaN,0.190000000000001,1.71,NaN,NaN,5.82,7.83,12.23,17.37
-8.67,NaN,-6.37,-5.35,-4.93,NaN,NaN,-2.18,-1.19,0.18,NaN,NaN,NaN,5.82,7.83,12.23,17.37
NaN,-7.86,-6.37,-5.5,-4.84,-3.75,-2.98,NaN,NaN,0.27,1.74,NaN,NaN,5.82,NaN,12.23,NaN
-8.66,-7.87,-6.37,-5.45,-4.79,-3.8,NaN,NaN,-0.91,0.0799999999999983,1.63,3.24,NaN,NaN,7.83,NaN,17.37
-8.66,-7.87,NaN,-5.51,-4.33,NaN,-3.41,NaN,NaN,0.18,1.74,3.25,NaN,5.82,NaN,12.23,NaN
NaN,NaN,-6.36,-5.44,NaN,NaN,NaN,NaN,-0.879999999999999,0.0700000000000003,NaN,3.08,3.93,5.82,7.83,12.23,17.37
NaN,NaN,-6.36,-5.51,NaN,NaN,-3.29,NaN,-0.989999999999998,0.0799999999999983,1.6,3.04,3.98,NaN,7.83,NaN,17.37
NaN,-7.86,NaN,-5.52,-4.53,NaN,NaN,-2.05,NaN,0.0199999999999996,1.78,3.13,NaN,NaN,7.83,NaN,17.37
-8.67,NaN,NaN,-5.48,NaN,-3.75,NaN,NaN,NaN,0.129999999999999,1.69,3.17,4.03,NaN,NaN,12.23,NaN
-8.66,-7.87,-6.36,-5.51,-4.65,-4.01,NaN,NaN,NaN,0.0500000000000007,1.76,3.08,NaN,NaN,NaN,NaN,NaN
-8.66,-7.87,-6.36,-5.47,NaN,-4.28,-3,NaN,NaN,0.140000000000001,NaN,3.24,NaN,5.82,7.83,NaN,17.37
-8.66,-7.87,NaN,-5.51,-4.71,-3.7,-3.28,NaN,NaN,0.120000000000001,1.66,NaN,3.93,NaN,7.83,12.23,17.37
-8.66,-7.87,NaN,-5.46,NaN,NaN,-3.25,NaN,NaN,0.109999999999999,1.6,3.25,4.13,5.82,7.83,12.23,17.37
-8.67,-7.88,-6.37,NaN,-4.77,NaN,-3.04,NaN,-1.11,0.329999999999998,1.81,NaN,3.85,5.82,7.83,12.23,17.37
NaN,-7.86,NaN,-5.44,-4.76,NaN,-3.3,NaN,NaN,0,1.78,3.24,NaN,5.82,7.83,NaN,17.37
-8.67,NaN,-6.36,-5.53,NaN,-4.05,-3,NaN,NaN,0.140000000000001,1.7,NaN,3.89,5.82,7.83,12.23,17.37
NaN,NaN,-6.37,-5.44,NaN,NaN,-3.04,NaN,-1.31,0.18,1.72,3.01,NaN,5.82,NaN,12.23,NaN
NaN,-7.86,-6.37,NaN,-4.67,-3.88,NaN,NaN,NaN,0.0599999999999987,1.68,3.11,NaN,5.82,7.83,12.23,17.37
NaN,-7.86,-6.36,-5.48,NaN,-3.72,NaN,NaN,NaN,-0.0300000000000011,1.74,3.18,3.93,5.82,NaN,12.23,NaN
NaN,NaN,-6.34,-5.5,NaN,-3.96,NaN,NaN,NaN,0.210000000000001,1.62,NaN,3.95,5.82,NaN,NaN,NaN
-8.66,-7.87,NaN,-5.49,NaN,NaN,-2.96,NaN,NaN,0.140000000000001,1.75,3.21,NaN,5.82,7.83,12.23,17.37
-8.67,NaN,-6.36,-5.48,-4.84,-3.94,NaN,NaN,NaN,0.00999999999999801,1.92,NaN,NaN,5.82,NaN,NaN,NaN
-8.66,-7.87,NaN,-5.41,NaN,-3.97,NaN,NaN,NaN,0.210000000000001,1.61,3.04,NaN,NaN,7.83,12.23,17.37
NaN,-7.86,-6.37,-5.46,NaN,-3.91,NaN,NaN,-0.989999999999998,0.149999999999999,1.6,3.12,NaN,NaN,7.83,12.23,17.37
-8.67,NaN,-6.36,-5.51,-4.43,NaN,-3.13,NaN,-0.989999999999998,0.34,1.75,3.15,3.87,5.82,7.83,NaN,17.37
-8.66,-7.87,NaN,-5.41,-4.45,NaN,-3.37,NaN,-0.989999999999998,0.0999999999999979,1.69,3.09,NaN,NaN,NaN,12.23,NaN
-8.67,NaN,NaN,NaN,-4.84,NaN,NaN,NaN,-1.1,0.0999999999999979,1.7,3.22,NaN,5.82,NaN,NaN,NaN
-8.66,-7.87,-6.37,-5.48,-4.55,NaN,-3.01,NaN,-0.98,0.109999999999999,NaN,NaN,NaN,5.82,7.83,NaN,17.37
NaN,-7.86,-6.35,-5.49,-4.59,NaN,-3.16,NaN,NaN,0.239999999999998,1.85,3.37,NaN,5.82,7.83,12.23,17.37
-8.67,NaN,NaN,-5.46,NaN,NaN,-2.97,NaN,-0.890000000000001,0.199999999999999,1.79,3.27,3.96,5.82,7.83,12.23,17.37
NaN,-7.86,-6.36,-5.47,-4.68,NaN,-3.05,NaN,-0.859999999999999,0.0999999999999979,1.83,NaN,4.01,5.82,7.83,12.23,17.37
-8.66,-7.87,-6.37,-5.49,NaN,NaN,NaN,-2.54,NaN,0.16,1.78,3.13,NaN,5.82,NaN,NaN,NaN
NaN,NaN,NaN,-5.46,NaN,NaN,NaN,NaN,NaN,-0.0799999999999983,1.64,NaN,NaN,NaN,7.83,12.23,17.37
NaN,-7.86,NaN,-5.39,-4.78,-3.9,NaN,-2.17,-0.949999999999999,0.129999999999999,1.7,3.19,NaN,5.82,7.83,12.23,17.37
-8.66,-7.87,NaN,-5.48,NaN,-4.11,NaN,NaN,NaN,0.149999999999999,1.74,3.16,NaN,NaN,7.83,12.23,17.37
-8.67,NaN,NaN,-5.41,-4.33,NaN,NaN,NaN,NaN,-0.0599999999999987,1.6,3.24,NaN,5.82,NaN,NaN,NaN
NaN,-7.86,NaN,-5.49,NaN,-3.99,NaN,NaN,NaN,0.259999999999998,1.61,NaN,3.88,5.82,7.83,12.23,17.37
-8.66,-7.87,NaN,-5.48,-4.56,NaN,NaN,NaN,NaN,0.469999999999999,NaN,NaN,3.87,NaN,NaN,12.23,NaN
NaN,NaN,-6.37,-5.53,NaN,-4.01,-2.87,-2.07,-1.01,-0.0399999999999991,1.7,NaN,NaN,NaN,7.83,NaN,17.37
NaN,-7.86,-6.37,NaN,-4.78,NaN,-3.1,NaN,-0.98,0.109999999999999,1.65,3.17,NaN,NaN,NaN,NaN,NaN
-8.67,NaN,-6.37,-5.44,NaN,-4.3,-3.18,NaN,NaN,0.120000000000001,1.77,3.12,NaN,NaN,NaN,NaN,NaN
-8.67,NaN,NaN,-5.5,NaN,-3.81,NaN,NaN,NaN,-0.00999999999999801,1.72,3.24,NaN,NaN,NaN,NaN,NaN
NaN,NaN,NaN,-5.45,-4.33,NaN,NaN,NaN,NaN,0.16,1.56,3.17,NaN,5.82,7.83,12.23,17.37
-8.66,-7.87,-6.37,-5.42,-4.64,-3.89,NaN,NaN,NaN,-0.32,NaN,3.06,NaN,5.82,NaN,12.23,NaN
-8.67,NaN,-6.36,-5.46,NaN,-3.79,NaN,NaN,NaN,0.169999999999998,1.82,NaN,NaN,5.82,NaN,12.23,NaN
-8.66,-7.87,-6.37,-5.41,NaN,-3.91,-2.92,NaN,NaN,0.00999999999999801,1.78,3.02,NaN,5.82,NaN,NaN,NaN
NaN,NaN,-6.36,-5.45,-4.45,NaN,-3.12,NaN,NaN,0.149999999999999,1.65,NaN,3.85,NaN,7.83,NaN,17.37
NaN,NaN,-6.37,-5.54,NaN,-4.25,-3,NaN,-1.06,0.109999999999999,1.58,3.11,4.19,5.82,7.83,12.23,17.37
NaN,-7.86,-6.37,NaN,NaN,-4.07,-2.89,NaN,NaN,0.109999999999999,1.63,3.29,NaN,NaN,7.83,12.23,17.37
NaN,NaN,-6.37,-5.41,NaN,-4.02,NaN,-2.27,NaN,-0.00999999999999801,1.72,3.19,NaN,5.82,7.83,12.23,17.37
-8.67,NaN,NaN,-5.52,NaN,-4.07,NaN,NaN,NaN,0.190000000000001,1.71,3.2,NaN,5.82,7.83,NaN,17.37
-8.67,NaN,-6.36,-5.53,NaN,NaN,NaN,NaN,NaN,0.169999999999998,NaN,3.28,4.1,5.82,7.83,12.23,17.37
NaN,-7.86,-6.36,-5.51,-4.73,NaN,-3.19,NaN,NaN,0.280000000000001,1.66,3.23,4,NaN,7.83,NaN,17.37
-8.65,-7.87,-6.36,-5.45,-4.55,-3.8,NaN,-2.02,NaN,0.0399999999999991,NaN,3.21,NaN,5.82,7.83,12.23,17.37
-8.66,-7.87,-6.37,NaN,-4.43,NaN,NaN,NaN,-1.28,0.0300000000000011,1.7,3.17,NaN,NaN,7.83,NaN,17.37
-8.67,NaN,-6.36,-5.46,-4.32,NaN,-2.92,NaN,NaN,0.0500000000000007,1.77,NaN,3.78,5.82,7.83,NaN,17.37
-8.67,NaN,NaN,-5.49,NaN,NaN,-3.35,NaN,-0.93,0.109999999999999,1.73,3.11,NaN,5.82,7.83,NaN,17.37
-8.66,-7.87,-6.37,-5.47,-4.8,NaN,-3.1,NaN,-1.01,0.109999999999999,1.75,NaN,3.92,NaN,7.83,12.23,17.37
-8.66,-7.87,-6.37,-5.54,-4.4,NaN,NaN,NaN,NaN,0.219999999999999,1.65,NaN,NaN,5.82,NaN,12.23,NaN
NaN,-7.86,NaN,-5.51,NaN,-3.99,NaN,NaN,NaN,0.25,1.72,NaN,3.72,5.82,7.83,12.23,17.37
-8.67,NaN,-6.37,-5.45,NaN,-4.03,-2.89,NaN,-1.01,0.0700000000000003,1.75,3.08,NaN,5.82,NaN,12.23,NaN
-8.66,-7.87,-6.36,-5.51,-4.66,NaN,NaN,NaN,-1.01,0.300000000000001,1.79,3.14,NaN,5.82,7.83,NaN,17.37
NaN,NaN,NaN,-5.48,NaN,NaN,-2.83,NaN,NaN,0.0599999999999987,1.73,NaN,3.96,5.82,NaN,NaN,NaN
-8.67,NaN,-6.36,-5.49,NaN,-4.23,NaN,NaN,NaN,0.219999999999999,1.73,2.83,4.19,5.82,NaN,12.23,NaN
-8.66,-7.87,-6.36,-5.54,NaN,NaN,-3.22,NaN,-1.01,0.00999999999999801,NaN,3.17,3.95,5.82,NaN,12.23,NaN
-8.67,NaN,-6.37,NaN,-4.85,NaN,-3.05,NaN,-0.989999999999998,0.210000000000001,1.73,NaN,NaN,5.82,7.83,12.23,17.37
-8.66,-7.87,-6.36,-5.46,-4.67,-3.89,NaN,NaN,NaN,0.259999999999998,1.63,3.22,NaN,5.82,7.83,NaN,17.37
-8.67,NaN,-6.37,NaN,-4.87,-3.81,-2.92,NaN,-0.960000000000001,0.18,NaN,3.15,4.06,5.82,7.83,NaN,17.37
-8.66,-7.87,-6.37,-5.46,-4.49,NaN,NaN,NaN,-1.09,0.41,1.72,NaN,NaN,NaN,7.83,12.23,17.37
-8.67,NaN,-6.37,-5.49,NaN,-3.9,-2.83,NaN,NaN,0.0199999999999996,NaN,NaN,3.91,5.82,NaN,NaN,NaN
NaN,-7.86,NaN,-5.46,NaN,-4.03,-3.14,NaN,NaN,0.16,1.64,3.24,NaN,5.82,NaN,12.23,NaN
NaN,-7.86,-6.35,-5.51,NaN,-4.16,-2.88,-2.48,NaN,0.149999999999999,1.7,3.08,4.24,NaN,NaN,12.23,NaN
-8.66,-7.87,NaN,-5.46,-4.79,-3.91,NaN,NaN,-0.669999999999998,0.0399999999999991,1.68,3.43,NaN,5.82,7.83,NaN,17.37
NaN,-7.86,-6.37,-5.49,-4.74,NaN,NaN,NaN,NaN,-0.0599999999999987,1.69,3.29,NaN,NaN,7.83,NaN,17.37
-8.67,NaN,-6.37,-5.42,NaN,-4.03,NaN,NaN,NaN,-0.0199999999999996,1.91,3.16,3.92,NaN,7.83,NaN,17.37
NaN,-7.86,-6.37,-5.42,NaN,-4.2,-3,NaN,-0.899999999999999,0.00999999999999801,1.72,NaN,NaN,5.82,7.83,12.23,17.37
NaN,-7.86,-6.37,-5.5,NaN,NaN,NaN,NaN,-1.31,0.259999999999998,1.49,3.29,NaN,NaN,7.83,NaN,17.37
NaN,NaN,NaN,-5.5,NaN,-4.22,-3.21,NaN,NaN,0.0799999999999983,1.8,NaN,3.94,NaN,NaN,12.23,NaN
-8.67,NaN,NaN,-5.49,NaN,-4.1,-3.17,NaN,-0.879999999999999,0.149999999999999,1.7,3.29,NaN,NaN,NaN,12.23,NaN
NaN,-7.86,NaN,-5.52,NaN,-4.08,NaN,-2.43,-0.989999999999998,-0.0199999999999996,1.71,3.24,NaN,5.82,NaN,12.23,NaN
-8.67,NaN,-6.36,-5.52,NaN,NaN,-3.2,NaN,-1,0.219999999999999,1.66,3.29,NaN,NaN,7.83,NaN,17.37
NaN,-7.86,NaN,-5.49,-4.62,NaN,-3.37,-2.16,NaN,0.239999999999998,1.71,3.18,NaN,NaN,7.83,12.23,17.37
-8.66,-7.87,NaN,-5.45,-4.77,NaN,-3.3,NaN,-0.879999999999999,0.23,1.53,3.12,4.19,NaN,7.83,12.23,17.37
NaN,NaN,-6.36,-5.49,NaN,-3.93,-2.72,NaN,NaN,0.00999999999999801,1.73,3.25,NaN,NaN,NaN,12.23,NaN
-8.66,-7.87,NaN,-5.43,NaN,-4.09,-3.1,NaN,NaN,0.120000000000001,1.68,3.26,4.06,NaN,NaN,12.23,NaN
-8.66,-7.87,-6.37,NaN,-4.82,NaN,-3.14,NaN,-1.05,0.140000000000001,NaN,3.14,4.15,5.82,7.83,NaN,17.37
-8.66,-7.87,NaN,-5.4,NaN,-4.02,NaN,NaN,NaN,0.199999999999999,1.55,NaN,4,5.82,7.83,NaN,17.37
NaN,NaN,NaN,NaN,-4.79,NaN,-3.35,NaN,-0.879999999999999,0.199999999999999,1.66,NaN,3.98,NaN,NaN,12.23,NaN
-8.66,-7.87,-6.36,-5.51,-4.73,-3.92,-3.06,-2.1,NaN,0.16,1.83,NaN,3.82,NaN,7.83,12.23,17.37
-8.66,-7.87,-6.37,-5.45,NaN,-3.94,NaN,-2.24,-0.899999999999999,0.0999999999999979,1.66,NaN,NaN,5.82,7.83,NaN,17.37
NaN,-7.86,-6.37,-5.53,-4.59,NaN,-3.28,NaN,NaN,0,1.62,NaN,3.91,5.82,7.83,12.23,17.37
NaN,NaN,NaN,-5.46,NaN,NaN,NaN,NaN,-1.22,-0.0899999999999999,NaN,3.25,NaN,5.82,7.83,12.23,17.37
NaN,NaN,NaN,-5.44,NaN,NaN,NaN,NaN,-0.59,0.280000000000001,1.66,3.08,4.21,5.82,NaN,12.23,NaN
NaN,NaN,-6.35,-5.48,-4.32,NaN,-3.14,NaN,NaN,0.109999999999999,1.62,3.23,NaN,5.82,7.83,NaN,17.37
NaN,-7.86,-6.37,-5.45,-4.68,NaN,-2.99,NaN,NaN,-0.0599999999999987,1.66,3.24,NaN,NaN,NaN,12.23,NaN
-8.66,-7.87,NaN,-5.51,NaN,-3.82,NaN,NaN,NaN,0.149999999999999,1.73,3.15,NaN,NaN,7.83,12.23,17.37
-8.67,NaN,-6.37,-5.44,NaN,-4.12,NaN,NaN,-0.969999999999999,0.109999999999999,1.59,3.12,4.13,5.82,NaN,12.23,NaN
-8.66,-7.87,-6.37,-5.42,NaN,-4.13,NaN,NaN,-0.989999999999998,0.16,1.69,3.23,NaN,5.82,7.83,12.23,17.37
-8.66,-7.87,NaN,-5.48,NaN,NaN,NaN,-2.12,-0.98,0.359999999999999,1.82,3.19,NaN,5.82,NaN,NaN,NaN
-8.67,NaN,-6.36,-5.48,NaN,-3.98,-3.26,NaN,NaN,0.169999999999998,1.63,3.14,4.04,5.82,7.83,12.23,17.37
-8.66,-7.87,NaN,-5.5,NaN,-4.06,NaN,NaN,NaN,-0.0999999999999979,1.68,3.04,3.81,NaN,NaN,12.23,NaN
-8.66,-7.87,-6.37,NaN,-4.67,NaN,-3.1,NaN,NaN,0.0799999999999983,1.62,3.34,NaN,5.82,7.83,12.23,17.37
NaN,-7.86,-6.37,-5.54,-4.32,NaN,NaN,NaN,NaN,0.280000000000001,1.54,2.95,4.27,NaN,7.83,NaN,17.37
-8.66,-7.87,-6.37,-5.46,-4.73,NaN,-3.09,NaN,NaN,0.149999999999999,1.62,NaN,NaN,NaN,7.83,12.23,17.37
NaN,-7.86,NaN,-5.46,-4.75,NaN,-3.2,NaN,NaN,0.0300000000000011,1.85,3.14,NaN,5.82,7.83,12.23,17.37
-8.66,-7.87,NaN,-5.51,-4.66,NaN,-3.22,NaN,NaN,-0.0799999999999983,1.68,3.28,NaN,5.82,7.83,NaN,17.37
NaN,-7.86,-6.37,NaN,-4.69,-3.94,NaN,NaN,NaN,0.0599999999999987,1.86,2.87,4.1,5.82,NaN,NaN,NaN
NaN,-7.86,NaN,-5.36,-4.63,-4.17,-3.01,NaN,-0.949999999999999,0.149999999999999,1.73,NaN,4.24,NaN,NaN,12.23,NaN
-8.67,NaN,-6.36,-5.5,-4.72,NaN,-3.04,NaN,-1.19,0.359999999999999,1.78,NaN,4.1,NaN,7.83,NaN,17.37
NaN,NaN,NaN,-5.49,NaN,-4.23,-3.27,-2.26,NaN,0.219999999999999,1.71,3.21,NaN,NaN,NaN,12.23,NaN
-8.66,-7.87,NaN,-5.46,-4.76,NaN,-3.19,-2.22,-1.1,-0.0199999999999996,1.72,3.1,NaN,NaN,7.83,12.23,17.37
-8.67,NaN,-6.37,-5.52,NaN,-3.88,NaN,-2.06,NaN,0.169999999999998,1.72,NaN,4.04,5.82,7.83,12.23,17.37
-8.66,-7.87,NaN,-5.53,NaN,NaN,-3.41,NaN,-0.98,0.120000000000001,1.75,NaN,NaN,NaN,7.83,NaN,17.37
-8.67,NaN,-6.36,-5.48,NaN,-4.26,-2.91,NaN,NaN,0.259999999999998,1.63,3.17,3.92,5.82,7.83,12.23,17.37
NaN,-7.86,-6.36,-5.51,-4.54,NaN,-2.9,NaN,NaN,0.309999999999999,NaN,3.25,3.9,5.82,7.83,NaN,17.37
-8.66,-7.87,-6.37,-5.46,NaN,NaN,-2.92,NaN,NaN,-0.120000000000001,1.84,2.98,NaN,5.82,7.83,NaN,17.37
-8.66,-7.87,-6.37,-5.46,-4.74,NaN,-3.26,NaN,-1.07,-0.00999999999999801,1.68,3.06,3.94,5.82,NaN,NaN,NaN
-8.65,-7.87,-6.36,-5.5,-4.47,NaN,-3.22,NaN,NaN,0.34,1.68,3.17,NaN,5.82,NaN,NaN,NaN
-8.66,-7.87,-6.36,-5.51,-4.7,NaN,NaN,NaN,NaN,0.0700000000000003,1.64,NaN,NaN,5.82,7.83,NaN,17.37
-8.66,-7.87,NaN,-5.51,NaN,NaN,-3.16,NaN,-0.960000000000001,0.16,1.74,3.07,NaN,5.82,7.83,12.23,17.37
NaN,-7.86,-6.37,NaN,NaN,-3.81,NaN,-2.46,NaN,0.27,1.71,3.16,NaN,5.82,NaN,12.23,NaN
NaN,NaN,NaN,-5.35,NaN,-4.16,-3.27,NaN,-1.04,0.0599999999999987,1.59,NaN,NaN,5.82,NaN,12.23,NaN
-8.66,-7.87,-6.37,NaN,NaN,NaN,-2.95,NaN,NaN,-0.0399999999999991,1.58,3.22,NaN,5.82,7.83,12.23,17.37
NaN,NaN,-6.34,-5.51,NaN,NaN,NaN,-2.25,NaN,0.41,1.8,3.24,NaN,5.82,7.83,12.23,17.37
-8.66,-7.87,-6.37,-5.47,-4.67,NaN,-3.02,NaN,NaN,0.18,1.63,3.14,NaN,NaN,7.83,NaN,17.37
NaN,-7.86,-6.37,NaN,-4.58,NaN,NaN,NaN,NaN,0.120000000000001,NaN,3.11,3.95,5.82,7.83,NaN,17.37
-8.66,-7.87,NaN,NaN,-4.78,NaN,NaN,NaN,NaN,0,1.81,NaN,3.88,5.82,7.83,12.23,17.37
-8.65,-7.87,NaN,-5.47,-4.68,NaN,-3.44,NaN,NaN,0.0500000000000007,1.65,3.02,4.33,5.82,NaN,NaN,NaN
NaN,-7.86,-6.36,-5.46,-4.48,NaN,-3,NaN,NaN,0.190000000000001,1.73,3.22,NaN,NaN,NaN,12.23,NaN
-8.67,NaN,NaN,-5.49,NaN,-3.98,-3.08,NaN,NaN,0.169999999999998,1.85,3.07,NaN,NaN,7.83,12.23,17.37
NaN,-7.86,-6.36,-5.5,NaN,NaN,-3.13,NaN,NaN,0.199999999999999,1.7,3.11,NaN,5.82,7.83,12.23,17.37
-8.66,-7.87,NaN,-5.45,-4.68,NaN,NaN,NaN,NaN,0.0300000000000011,1.78,NaN,3.92,5.82,7.83,12.23,17.37
-8.66,-7.87,-6.36,-5.5,-4.78,-3.84,NaN,NaN,NaN,0.0899999999999999,NaN,NaN,3.89,5.82,NaN,12.23,NaN
-8.65,-7.87,NaN,-5.49,NaN,-4.1,-3.3,NaN,NaN,0.27,1.71,NaN,4.04,5.82,NaN,12.23,NaN
NaN,NaN,-6.36,-5.49,NaN,NaN,-3.11,NaN,-0.93,-0.0500000000000007,1.73,3.17,NaN,NaN,7.83,12.23,17.37
-8.65,-7.87,-6.36,-5.53,NaN,-4.12,-2.98,NaN,NaN,0.239999999999998,1.89,NaN,3.85,NaN,7.83,NaN,17.37
NaN,-7.86,-6.37,-5.32,NaN,-4.06,NaN,NaN,NaN,-0.0899999999999999,1.71,NaN,3.91,NaN,NaN,12.23,NaN
NaN,-7.86,NaN,-5.46,-4.73,-3.9,-3.09,NaN,NaN,0.0899999999999999,1.62,3.06,4.2,5.82,7.83,12.23,17.37
-8.66,-7.87,-6.37,-5.44,-4.67,NaN,NaN,NaN,NaN,0.27,1.85,3.09,3.88,NaN,7.83,12.23,17.37
NaN,-7.86,NaN,-5.47,NaN,NaN,NaN,NaN,-0.949999999999999,0.259999999999998,1.84,NaN,3.96,5.82,7.83,NaN,17.37
NaN,-7.86,-6.36,-5.48,-4.64,NaN,-2.98,NaN,-1.11,-0.120000000000001,1.85,NaN,NaN,5.82,7.83,NaN,17.37
NaN,-7.86,-6.36,-5.48,-4.73,-3.85,NaN,NaN,NaN,0.219999999999999,1.86,3.16,NaN,5.82,NaN,12.23,NaN
-8.66,-7.87,-6.37,-5.46,-4.69,NaN,-3,NaN,NaN,0.109999999999999,1.79,NaN,4.08,5.82,7.83,12.23,17.37
-8.67,NaN,NaN,-5.44,NaN,-3.98,-3.26,NaN,NaN,-0.0300000000000011,1.7,2.72,3.86,5.82,7.83,12.23,17.37
-8.66,-7.87,NaN,-5.52,-4.47,NaN,-3.14,NaN,-1.15,0.239999999999998,1.61,3.21,NaN,NaN,7.83,NaN,17.37
-8.67,NaN,-6.37,-5.46,NaN,NaN,-3.21,NaN,-1.12,0.0500000000000007,1.77,3.19,4,NaN,NaN,NaN,NaN
NaN,-7.86,-6.37,-5.39,NaN,NaN,-3.24,NaN,NaN,0.219999999999999,1.71,3.19,4.3,NaN,7.83,12.23,17.37
-8.66,-7.87,-6.36,-5.45,-4.73,NaN,NaN,NaN,NaN,0.120000000000001,1.75,3.05,NaN,5.82,7.83,12.23,17.37
NaN,-7.86,-6.35,-5.49,-4.63,NaN,-3.11,NaN,NaN,0.0399999999999991,1.69,3.29,NaN,5.82,7.83,12.23,17.37
NaN,-7.86,-6.37,-5.5,NaN,-3.8,NaN,NaN,-1.06,0.0599999999999987,1.73,3.13,4.15,5.82,7.83,12.23,17.37
-8.67,NaN,-6.37,-5.39,NaN,-3.97,-2.8,NaN,NaN,0.140000000000001,1.96,NaN,3.92,5.82,NaN,12.23,NaN
-8.67,NaN,-6.36,-5.46,NaN,NaN,-3.13,NaN,NaN,0.0199999999999996,NaN,3.19,NaN,NaN,NaN,12.23,NaN
NaN,NaN,-6.37,-5.49,NaN,NaN,-3.19,NaN,NaN,0.18,1.74,NaN,NaN,5.82,7.83,12.23,17.37
NaN,NaN,-6.37,-5.46,NaN,-3.97,-2.94,NaN,NaN,0.199999999999999,1.77,3.32,NaN,5.82,NaN,12.23,NaN
-8.67,NaN,NaN,NaN,-4.41,NaN,-3.17,NaN,NaN,0.120000000000001,1.81,3.22,3.97,5.82,7.83,12.23,17.37
NaN,NaN,-6.36,-5.51,NaN,NaN,-3.07,-2.19,-0.98,0.0899999999999999,1.68,3.24,3.82,5.82,7.83,12.23,17.37
-8.67,NaN,-6.36,-5.44,NaN,NaN,NaN,NaN,NaN,0.359999999999999,1.54,3.21,NaN,5.82,NaN,12.23,NaN
NaN,-7.86,-6.36,-5.51,-4.75,NaN,-2.92,NaN,-0.870000000000001,0.0599999999999987,1.86,3.26,NaN,5.82,7.83,12.23,17.37
-8.67,NaN,NaN,-5.51,NaN,NaN,-3.4,NaN,NaN,0.149999999999999,1.56,NaN,NaN,5.82,NaN,12.23,NaN
-8.67,-7.88,-6.37,-5.52,-4.68,-3.93,-2.88,NaN,NaN,0.25,1.53,3.12,4.29,5.82,7.83,NaN,17.37
-8.67,NaN,-6.37,NaN,NaN,-3.83,NaN,NaN,-1.07,0.259999999999998,1.71,NaN,4.15,5.82,7.83,12.23,17.37
NaN,-7.86,-6.36,-5.53,-4.73,NaN,-3.22,NaN,NaN,0.169999999999998,1.69,NaN,NaN,NaN,7.83,12.23,17.37
-8.66,-7.87,NaN,-5.48,-4.75,NaN,-3.32,NaN,NaN,0.219999999999999,2.16,NaN,NaN,NaN,7.83,12.23,17.37
NaN,-7.86,NaN,-5.51,NaN,-3.77,NaN,NaN,NaN,0.190000000000001,1.65,NaN,4.26,NaN,7.83,12.23,17.37
-8.66,-7.87,NaN,-5.53,NaN,-3.86,NaN,NaN,-1.04,0.0799999999999983,NaN,NaN,4.04,NaN,7.83,12.23,17.37
NaN,-7.86,NaN,-5.47,-4.47,NaN,NaN,NaN,NaN,0.34,1.64,3.14,NaN,NaN,7.83,12.23,17.37
-8.66,-7.87,-6.36,-5.47,NaN,-3.86,NaN,NaN,NaN,0.210000000000001,1.64,3.21,NaN,5.82,7.83,NaN,17.37
NaN,-7.86,-6.37,NaN,-4.71,NaN,NaN,-2.12,-1.07,0.0700000000000003,1.67,3.22,NaN,NaN,7.83,12.23,17.37
NaN,-7.86,NaN,-5.48,NaN,-4.15,NaN,NaN,-0.960000000000001,0.149999999999999,1.69,NaN,NaN,NaN,NaN,NaN,NaN
-8.67,NaN,NaN,-5.42,NaN,-3.93,NaN,NaN,NaN,0,1.75,3.21,3.94,5.82,7.83,12.23,17.37
-8.67,NaN,NaN,-5.44,NaN,-3.99,-2.83,NaN,NaN,-0.0199999999999996,NaN,NaN,3.76,5.82,NaN,NaN,NaN
-8.66,-7.87,NaN,NaN,NaN,-4.14,-3.02,NaN,-1.19,0.219999999999999,1.71,3.28,NaN,NaN,7.83,12.23,17.37
NaN,NaN,-6.36,-5.5,NaN,-4.05,NaN,NaN,NaN,0.00999999999999801,1.5,NaN,4.17,5.82,7.83,NaN,17.37
-8.66,-7.87,-6.37,NaN,-4.68,NaN,NaN,NaN,NaN,0.280000000000001,2.09,3.21,3.88,5.82,7.83,12.23,17.37
NaN,-7.86,-6.37,NaN,-4.73,NaN,-3.3,NaN,NaN,0.34,1.73,3.13,NaN,5.82,NaN,NaN,NaN
-8.67,NaN,NaN,-5.49,NaN,NaN,NaN,NaN,-0.940000000000001,0.120000000000001,1.79,3.09,NaN,5.82,NaN,NaN,NaN
NaN,-7.86,NaN,NaN,NaN,-3.93,-3.4,NaN,NaN,0.0999999999999979,1.74,3.33,NaN,5.82,NaN,12.23,NaN
-8.66,-7.87,NaN,-5.48,-4.37,NaN,-3.3,NaN,NaN,0.140000000000001,1.81,3.16,NaN,5.82,7.83,12.23,17.37
-8.67,NaN,-6.36,-5.44,NaN,-4.23,NaN,NaN,NaN,0.210000000000001,NaN,3.35,NaN,NaN,7.83,NaN,17.37
-8.67,NaN,-6.36,-5.5,NaN,NaN,-3.12,NaN,NaN,0.120000000000001,1.56,3.18,3.98,NaN,NaN,NaN,NaN
-8.66,-7.87,-6.37,-5.5,-4.67,NaN,-3.06,NaN,-1,0.16,1.59,3.24,4.19,NaN,NaN,NaN,NaN
-8.67,NaN,NaN,-5.5,NaN,-4.07,-3.22,NaN,-1.06,0.32,1.75,NaN,3.94,5.82,NaN,12.23,NaN
-8.67,NaN,NaN,-5.48,NaN,-3.89,NaN,NaN,NaN,0.23,1.67,3.22,NaN,5.82,NaN,12.23,NaN
NaN,-7.86,NaN,-5.5,NaN,-4.04,-3.31,NaN,NaN,0.190000000000001,1.78,3.11,NaN,5.82,NaN,NaN,NaN
NaN,-7.86,NaN,-5.46,-4.71,NaN,-3.16,NaN,-1.13,0.00999999999999801,NaN,3.04,NaN,5.82,7.83,NaN,17.37
-8.67,NaN,-6.37,-5.4,NaN,-3.74,-3.15,NaN,NaN,0.109999999999999,NaN,NaN,NaN,5.82,7.83,NaN,17.37
NaN,-7.86,NaN,-5.51,-4.75,NaN,-3.24,NaN,NaN,0.210000000000001,1.77,3.1,3.97,5.82,NaN,NaN,NaN
-8.66,-7.87,NaN,-5.46,NaN,-3.9,NaN,NaN,NaN,0.239999999999998,1.7,3.29,3.81,5.82,NaN,NaN,NaN
NaN,NaN,-6.36,-5.5,NaN,NaN,-3,NaN,NaN,0.23,1.66,3.24,NaN,5.82,NaN,12.23,NaN
-8.67,NaN,NaN,-5.52,NaN,NaN,-3.21,-2.52,NaN,0.16,2.11,3.18,4.22,NaN,NaN,12.23,NaN
NaN,-7.86,-6.37,-5.4,-4.4,NaN,-3.06,NaN,-0.899999999999999,0.149999999999999,1.76,3.18,NaN,NaN,NaN,NaN,NaN
NaN,-7.86,-6.37,-5.45,-4.72,NaN,-2.96,NaN,NaN,0.149999999999999,1.86,3.23,NaN,5.82,NaN,12.23,NaN
-8.66,-7.87,NaN,-5.53,-4.35,NaN,-3.31,NaN,NaN,0.00999999999999801,1.82,3.45,NaN,5.82,NaN,12.23,NaN
NaN,-7.86,-6.37,-5.43,NaN,NaN,-3.1,NaN,NaN,0.199999999999999,1.78,NaN,3.98,5.82,7.83,12.23,17.37
-8.66,-7.87,-6.37,-5.54,-4.32,NaN,-3.19,NaN,-0.82,0.0899999999999999,1.75,3.25,NaN,5.82,7.83,NaN,17.37
-8.64,-7.87,NaN,NaN,-4.68,NaN,-3.27,NaN,NaN,-0.140000000000001,1.83,3.05,3.91,NaN,7.83,NaN,17.37
NaN,NaN,-6.37,-5.51,NaN,-4.04,NaN,-2.08,NaN,0.0599999999999987,1.67,3.18,4.01,5.82,7.83,12.23,17.37
-8.67,-7.88,-6.37,-5.46,NaN,-4.02,-3.05,-2.2,NaN,-0.00999999999999801,1.78,3.2,NaN,5.82,7.83,NaN,17.37
-8.67,NaN,-6.37,-5.45,NaN,NaN,NaN,NaN,NaN,0,1.72,NaN,3.9,5.82,7.83,NaN,17.37
-8.66,-7.87,-6.37,-5.46,-4.68,NaN,NaN,-2.09,NaN,0.0399999999999991,1.76,NaN,NaN,5.82,NaN,12.23,NaN
-8.67,NaN,-6.37,-5.41,NaN,-4.13,-2.92,NaN,NaN,0.25,1.87,3.3,3.74,NaN,NaN,NaN,NaN
NaN,NaN,NaN,-5.5,NaN,-3.84,NaN,NaN,NaN,-0.0399999999999991,NaN,3.24,3.88,5.82,7.83,NaN,17.37
-8.67,NaN,NaN,-5.46,-4.36,NaN,-3.13,NaN,NaN,-0.140000000000001,1.62,NaN,4.27,5.82,NaN,NaN,NaN
-8.66,-7.87,-6.36,-5.48,-4.5,NaN,NaN,NaN,NaN,0.329999999999998,1.77,NaN,4.18,5.82,NaN,12.23,NaN
-8.66,-7.87,NaN,NaN,NaN,NaN,NaN,NaN,NaN,0.0199999999999996,1.69,3.15,NaN,5.82,7.83,NaN,17.37
NaN,NaN,-6.37,-5.52,NaN,-4.14,NaN,NaN,NaN,0.0500000000000007,1.76,NaN,3.89,5.82,7.83,12.23,17.37
NaN,-7.86,-6.36,-5.49,-4.66,-3.95,NaN,NaN,NaN,0.359999999999999,1.63,NaN,NaN,NaN,7.83,12.23,17.37
-8.67,NaN,-6.37,-5.44,NaN,-4,-3,NaN,NaN,0.259999999999998,1.6,3.09,3.98,NaN,7.83,12.23,17.37
NaN,-7.86,-6.37,-5.51,-4.74,NaN,NaN,-2.21,NaN,0.0700000000000003,1.81,NaN,NaN,NaN,NaN,12.23,NaN
-8.66,-7.87,-6.37,NaN,-4.75,NaN,-2.87,NaN,-1.09,0.190000000000001,NaN,NaN,3.99,5.82,7.83,NaN,17.37
-8.66,-7.87,-6.36,-5.5,-4.67,NaN,-3.02,NaN,-1.03,0.0399999999999991,1.73,NaN,4.37,NaN,7.83,NaN,17.37
-8.66,-7.87,-6.37,-5.51,NaN,NaN,-2.94,NaN,-1.13,0.259999999999998,1.65,3.23,NaN,NaN,7.83,NaN,17.37
NaN,NaN,-6.37,-5.48,-4.79,NaN,-3.12,NaN,NaN,0.239999999999998,1.71,3.23,NaN,NaN,NaN,12.23,NaN
NaN,-7.86,NaN,-5.51,NaN,-4.02,NaN,-2.23,-0.969999999999999,0.210000000000001,1.73,3.17,4.17,5.82,7.83,12.23,17.37
-8.67,-7.88,-6.36,-5.44,-4.78,NaN,-3.14,NaN,-0.879999999999999,0.18,1.68,NaN,3.95,NaN,7.83,12.23,17.37
NaN,-7.86,-6.37,-5.52,-4.62,-3.86,-2.91,NaN,-0.899999999999999,0.259999999999998,1.63,NaN,3.96,NaN,7.83,12.23,17.37
-8.66,-7.87,-6.35,-5.52,-4.5,-4.05,NaN,NaN,NaN,0.300000000000001,1.79,NaN,NaN,5.82,7.83,NaN,17.37
-8.66,-7.87,NaN,-5.45,NaN,-3.88,NaN,NaN,NaN,0.149999999999999,1.69,3.15,3.85,5.82,NaN,NaN,NaN
-8.66,-7.87,-6.37,-5.47,-4.41,NaN,NaN,NaN,NaN,0.149999999999999,1.68,NaN,NaN,5.82,7.83,12.23,17.37
-8.64,-7.87,NaN,-5.48,-4.64,-4.02,NaN,NaN,-0.849999999999998,0,1.7,NaN,3.91,NaN,7.83,12.23,17.37
-8.67,NaN,NaN,-5.46,NaN,-4.15,-3.29,-2.07,NaN,-0.0700000000000003,1.8,3.05,3.86,5.82,7.83,NaN,17.37
NaN,NaN,-6.37,-5.45,NaN,-4.24,-3.19,NaN,-0.919999999999998,0.120000000000001,1.7,3.1,4.18,5.82,NaN,12.23,NaN
-8.67,NaN,-6.37,-5.47,NaN,NaN,-2.95,NaN,NaN,-0.00999999999999801,NaN,NaN,NaN,5.82,NaN,NaN,NaN
NaN,-7.86,-6.36,-5.46,-4.76,NaN,-3.3,NaN,-0.989999999999998,0.0899999999999999,1.59,3.22,NaN,NaN,NaN,12.23,NaN
NaN,NaN,-6.37,-5.48,NaN,-3.97,-2.72,NaN,NaN,0.329999999999998,1.71,NaN,NaN,5.82,NaN,12.23,NaN
NaN,NaN,-6.36,-5.47,-4.84,-3.84,NaN,NaN,-0.960000000000001,-0.0300000000000011,1.61,3.19,4.3,5.82,7.83,NaN,17.37
NaN,-7.86,NaN,-5.45,-4.68,-3.9,NaN,-2.11,NaN,0.0500000000000007,1.66,3.02,NaN,5.82,7.83,12.23,17.37
-8.67,NaN,NaN,-5.47,NaN,-3.92,NaN,NaN,NaN,0.0500000000000007,1.55,3.27,NaN,5.82,7.83,12.23,17.37
NaN,-7.86,NaN,-5.49,NaN,-4.06,-3.36,NaN,NaN,0.32,1.73,NaN,NaN,5.82,7.83,NaN,17.37
-8.67,NaN,NaN,-5.5,NaN,NaN,-3.32,NaN,NaN,0.169999999999998,1.72,NaN,NaN,5.82,7.83,NaN,17.37
-8.67,NaN,-6.37,-5.5,-4.66,NaN,-3.05,NaN,NaN,0.199999999999999,1.73,NaN,3.88,5.82,NaN,12.23,NaN
-8.67,NaN,-6.37,-5.46,NaN,-4.23,-3.06,NaN,NaN,0.210000000000001,1.53,NaN,3.89,5.82,7.83,12.23,17.37
-8.66,-7.87,-6.36,-5.49,NaN,-4.05,NaN,-2.03,NaN,0.0999999999999979,1.79,2.95,4.21,NaN,7.83,12.23,17.37
-8.67,NaN,NaN,-5.35,NaN,-3.87,NaN,-1.98,NaN,0.140000000000001,1.71,3.46,NaN,NaN,7.83,12.23,17.37
-8.66,-7.87,-6.37,-5.46,-4.46,NaN,-3.16,NaN,-1.14,0.0300000000000011,1.57,3.23,NaN,NaN,NaN,NaN,NaN
NaN,-7.86,NaN,-5.42,-4.45,NaN,-3.29,NaN,NaN,0.0799999999999983,1.62,3.22,4.29,NaN,NaN,12.23,NaN
-8.67,NaN,-6.36,-5.5,NaN,NaN,NaN,-2.16,NaN,0.34,1.78,3.21,3.94,5.82,NaN,NaN,NaN
NaN,-7.86,-6.37,NaN,-4.67,NaN,-2.81,NaN,NaN,0.140000000000001,1.88,NaN,NaN,5.82,7.83,NaN,17.37
NaN,NaN,-6.37,-5.46,NaN,-3.75,NaN,-2.2,NaN,0.0399999999999991,1.81,NaN,3.89,5.82,7.83,12.23,17.37
-8.65,-7.87,-6.37,-5.42,-4.56,-3.85,NaN,-2.28,-0.73,0.120000000000001,1.67,2.99,4.28,5.82,NaN,12.23,NaN
-8.66,-7.87,-6.36,-5.48,-4.68,NaN,-2.88,-2.21,-0.960000000000001,-0.0700000000000003,1.77,NaN,3.9,5.82,7.83,12.23,17.37
-8.67,-7.88,-6.37,-5.4,-4.86,-3.94,-3.06,NaN,-1.03,0.0999999999999979,1.82,NaN,NaN,NaN,7.83,12.23,17.37
-8.65,-7.87,-6.37,-5.45,-4.67,NaN,NaN,-2.61,NaN,0.18,NaN,NaN,4.3,5.82,NaN,NaN,NaN
NaN,-7.86,-6.36,-5.47,NaN,-3.97,NaN,NaN,NaN,0.190000000000001,1.72,NaN,3.92,5.82,7.83,NaN,17.37
NaN,-7.86,NaN,-5.47,-4.5,NaN,-3.18,NaN,NaN,0.0999999999999979,1.68,3.37,3.81,5.82,7.83,NaN,17.37
-8.66,-7.87,-6.36,-5.51,-4.41,-3.87,-2.92,NaN,NaN,0.16,1.78,3.05,4.22,5.82,NaN,12.23,NaN
-8.65,-7.87,-6.36,-5.45,-4.68,NaN,-2.96,NaN,NaN,0.18,1.7,3.05,4.25,NaN,7.83,12.23,17.37
NaN,-7.86,NaN,-5.38,-4.51,NaN,-3.3,NaN,NaN,0.0999999999999979,NaN,2.77,3.9,NaN,7.83,12.23,17.37
NaN,-7.86,-6.36,-5.5,-4.74,NaN,NaN,NaN,NaN,0.25,1.57,NaN,NaN,5.82,NaN,12.23,NaN
-8.66,-7.87,NaN,-5.49,-4.51,NaN,-3.28,NaN,NaN,0.169999999999998,1.59,3.17,4.31,5.82,7.83,NaN,17.37
-8.66,-7.87,NaN,-5.47,-4.35,NaN,NaN,NaN,NaN,0.27,1.68,3.28,NaN,5.82,NaN,NaN,NaN
NaN,-7.86,NaN,-5.49,-4.79,NaN,-3.41,NaN,-1.08,0.419999999999998,1.61,NaN,4.22,NaN,7.83,NaN,17.37
-8.66,-7.87,-6.37,-5.42,-4.81,NaN,NaN,NaN,-0.949999999999999,0.0799999999999983,1.62,NaN,4.24,5.82,7.83,NaN,17.37
NaN,-7.86,-6.37,-5.43,-4.65,NaN,-2.96,NaN,NaN,0.0899999999999999,1.72,3.14,NaN,NaN,7.83,NaN,17.37
-8.67,NaN,-6.37,-5.52,NaN,NaN,NaN,-2.24,NaN,0.0199999999999996,1.67,3.19,NaN,NaN,NaN,12.23,NaN
-8.66,-7.87,-6.37,-5.52,-4.66,NaN,-2.95,NaN,-0.879999999999999,0.329999999999998,1.73,3.3,NaN,NaN,7.83,NaN,17.37
-8.67,-7.89,-6.37,-5.51,NaN,-4.31,-2.95,NaN,NaN,0.129999999999999,1.72,3.12,3.97,5.82,7.83,NaN,17.37
-8.66,-7.87,NaN,-5.49,NaN,NaN,NaN,NaN,NaN,0.27,1.73,3.16,NaN,NaN,NaN,NaN,NaN
NaN,-7.86,NaN,-5.46,-4.63,NaN,NaN,NaN,NaN,0.34,1.97,3.16,NaN,5.82,7.83,NaN,17.37
-8.66,-7.87,NaN,-5.49,-4.72,NaN,NaN,NaN,-0.84,0.289999999999999,1.6,3.12,NaN,5.82,7.83,NaN,17.37
-8.67,NaN,NaN,-5.49,NaN,-4.05,-3.14,-2,NaN,0.0799999999999983,1.9,NaN,NaN,5.82,7.83,12.23,17.37
-8.67,NaN,-6.37,-5.43,NaN,NaN,NaN,-2.27,NaN,0.239999999999998,1.66,NaN,NaN,5.82,7.83,12.23,17.37
-8.65,-7.87,-6.36,-5.48,-4.63,NaN,NaN,NaN,-1.07,0.190000000000001,NaN,NaN,NaN,5.82,7.83,NaN,17.37
NaN,-7.86,NaN,-5.51,-4.67,NaN,NaN,-2.15,NaN,0.109999999999999,1.71,3.31,NaN,5.82,NaN,12.23,NaN
-8.66,-7.87,NaN,-5.49,-4.83,-3.76,NaN,NaN,NaN,0.0199999999999996,1.57,NaN,3.74,NaN,7.83,12.23,17.37
NaN,-7.86,-6.37,-5.38,-4.56,NaN,-3.02,NaN,NaN,0.120000000000001,1.68,3.3,3.9,5.82,7.83,NaN,17.37
-8.67,NaN,NaN,-5.52,NaN,NaN,-3.12,NaN,-1.03,0.0500000000000007,1.75,NaN,NaN,5.82,7.83,NaN,17.37
-8.66,-7.87,-6.36,-5.49,NaN,-4.18,-3.12,NaN,-1.07,0.309999999999999,NaN,3.11,NaN,5.82,7.83,12.23,17.37
-8.67,NaN,-6.36,-5.48,NaN,NaN,NaN,NaN,-1.12,0.00999999999999801,NaN,2.73,3.96,NaN,7.83,12.23,17.37
-8.67,NaN,-6.37,-5.5,NaN,-4.27,NaN,NaN,NaN,0.120000000000001,1.61,NaN,NaN,5.82,7.83,12.23,17.37
-8.66,-7.87,-6.37,-5.52,NaN,-4.11,-3.07,NaN,-0.960000000000001,0.16,1.76,3.18,NaN,5.82,7.83,NaN,17.37
NaN,-7.86,-6.37,NaN,NaN,-3.94,-2.93,NaN,NaN,0.32,1.62,3.11,NaN,5.82,NaN,NaN,NaN
-8.66,-7.87,-6.37,NaN,-4.8,-3.96,-2.83,NaN,NaN,-0.0399999999999991,1.73,NaN,4.12,5.82,NaN,12.23,NaN
NaN,-7.86,-6.36,-5.5,NaN,-4.05,-2.95,NaN,-1.08,0.349999999999998,1.61,NaN,NaN,NaN,NaN,NaN,NaN
NaN,-7.86,-6.37,-5.52,NaN,NaN,-3.07,NaN,NaN,0.27,1.58,NaN,NaN,5.82,7.83,NaN,17.37
-8.66,-7.87,-6.37,-5.45,-4.45,NaN,-2.71,NaN,NaN,0.259999999999998,1.85,3.16,NaN,NaN,7.83,NaN,17.37
-8.66,-7.87,NaN,-5.48,-4.64,-3.87,NaN,NaN,-0.969999999999999,0.129999999999999,1.69,3.24,3.96,5.82,NaN,NaN,NaN
-8.66,-7.87,NaN,-5.49,-4.75,-3.85,NaN,NaN,NaN,0.18,NaN,NaN,3.88,NaN,NaN,12.23,NaN
-8.67,NaN,-6.37,-5.46,NaN,-4.16,-2.92,-2.15,NaN,0.129999999999999,1.61,2.73,4.31,5.82,7.83,NaN,17.37
NaN,NaN,NaN,-5.48,NaN,-3.79,-3.29,NaN,NaN,0.129999999999999,1.64,3.19,4.21,5.82,NaN,12.23,NaN
-8.66,-7.87,-6.35,-5.48,NaN,-4.04,-3.08,NaN,NaN,0.239999999999998,1.68,NaN,4.03,5.82,NaN,12.23,NaN
NaN,-7.86,NaN,-5.52,-4.81,NaN,-3.22,NaN,NaN,0.399999999999999,1.8,3.13,4.27,5.82,7.83,12.23,17.37
-8.66,-7.87,-6.37,-5.46,-4.75,NaN,-3.25,NaN,NaN,0.280000000000001,1.75,3.14,3.87,5.82,7.83,NaN,17.37
-8.67,NaN,-6.37,-5.51,NaN,NaN,-3.19,NaN,NaN,0.120000000000001,1.63,3.24,NaN,NaN,7.83,12.23,17.37
-8.67,NaN,NaN,-5.52,NaN,NaN,NaN,-2.24,-0.98,0.32,1.7,3.14,3.89,NaN,7.83,12.23,17.37
-8.66,-7.87,-6.36,-5.48,-4.67,NaN,NaN,NaN,-1.05,0.0300000000000011,1.59,3.18,4.2,5.82,7.83,12.23,17.37
NaN,-7.86,NaN,-5.45,-4.66,-3.85,NaN,-2.47,-1.03,0,1.71,3.26,NaN,5.82,7.83,12.23,17.37
-8.67,NaN,-6.35,-5.48,NaN,-3.94,NaN,NaN,NaN,0.149999999999999,1.79,3.08,4.07,NaN,7.83,NaN,17.37
-8.66,-7.87,NaN,-5.49,-4.68,NaN,NaN,-2.17,NaN,0.18,1.76,3.23,NaN,5.82,7.83,12.23,17.37
-8.66,-7.87,NaN,-5.51,-4.32,NaN,NaN,NaN,-0.989999999999998,0.25,1.79,NaN,3.85,NaN,7.83,12.23,17.37
NaN,NaN,NaN,-5.47,NaN,-3.89,NaN,NaN,NaN,0.379999999999999,1.56,3.23,NaN,5.82,7.83,12.23,17.37
NaN,-7.86,-6.37,-5.44,-4.66,NaN,-3.32,NaN,NaN,0.0300000000000011,1.73,3.14,4.11,5.82,NaN,12.23,NaN
-8.67,NaN,NaN,-5.47,-4.4,NaN,NaN,NaN,-0.960000000000001,0.00999999999999801,1.58,NaN,NaN,5.82,7.83,NaN,17.37
NaN,-7.86,-6.37,-5.42,-4.48,NaN,-2.84,-2.4,-0.960000000000001,0.120000000000001,1.71,3.11,NaN,5.82,7.83,12.23,17.37
NaN,NaN,-6.37,NaN,-4.88,NaN,NaN,NaN,NaN,0.0500000000000007,1.6,3.32,NaN,NaN,7.83,12.23,17.37
-8.66,-7.87,NaN,-5.49,-4.8,-3.94,NaN,-1.88,-1.1,0.329999999999998,1.5,3.06,NaN,5.82,7.83,NaN,17.37
-8.67,NaN,-6.36,-5.48,-4.39,NaN,NaN,NaN,NaN,0.210000000000001,1.71,3.02,NaN,5.82,7.83,12.23,17.37
-8.67,NaN,-6.37,-5.46,NaN,-3.87,NaN,NaN,-1.1,0.0399999999999991,1.63,2.98,NaN,5.82,7.83,NaN,17.37
NaN,NaN,NaN,-5.54,NaN,-3.64,NaN,NaN,NaN,0.0799999999999983,1.66,2.94,3.88,NaN,NaN,NaN,NaN
-8.67,NaN,-6.37,-5.39,-4.82,-3.92,-2.8,NaN,-0.809999999999999,0.0999999999999979,1.72,3.25,NaN,5.82,7.83,12.23,17.37
-8.67,NaN,-6.37,-5.5,NaN,NaN,-3.26,NaN,NaN,0.109999999999999,NaN,3.21,3.88,5.82,7.83,12.23,17.37
NaN,-7.86,NaN,NaN,-4.65,-3.99,NaN,NaN,NaN,0.0700000000000003,1.64,NaN,NaN,5.82,7.83,12.23,17.37
-8.66,-7.87,NaN,-5.51,NaN,-3.92,NaN,NaN,NaN,0.190000000000001,1.76,3.04,NaN,5.82,7.83,NaN,17.37
NaN,-7.86,-6.37,-5.4,-4.6,NaN,-2.84,NaN,NaN,0.27,1.74,NaN,NaN,5.82,7.83,NaN,17.37
-8.67,NaN,-6.37,-5.49,-4.43,NaN,NaN,-2.26,-0.789999999999999,0.300000000000001,1.63,NaN,3.83,5.82,7.83,12.23,17.37
-8.66,-7.87,-6.37,-5.43,-4.83,-3.91,-2.86,NaN,-0.890000000000001,-0.0300000000000011,1.91,2.9,4.1,5.82,7.83,12.23,17.37
-8.66,-7.87,-6.36,-5.52,NaN,-4.01,-2.82,NaN,NaN,0.120000000000001,1.76,3.17,NaN,5.82,7.83,12.23,17.37
NaN,NaN,-6.37,-5.47,-4.51,NaN,-2.91,NaN,-0.98,0.169999999999998,1.74,3.17,NaN,5.82,NaN,12.23,NaN
NaN,NaN,NaN,-5.49,-4.32,NaN,-3.07,-2.05,NaN,0.0799999999999983,1.61,NaN,NaN,NaN,NaN,NaN,NaN
-8.66,-7.87,NaN,-5.52,NaN,-4.06,NaN,NaN,NaN,0.149999999999999,1.73,NaN,4.21,5.82,7.83,12.23,17.37
-8.66,-7.87,NaN,-5.5,NaN,NaN,-3.36,NaN,NaN,0,1.75,3.12,3.9,NaN,NaN,12.23,NaN
NaN,NaN,-6.37,-5.5,NaN,NaN,NaN,-2.31,-0.98,-0.00999999999999801,1.68,3.23,NaN,NaN,7.83,NaN,17.37
-8.66,-7.87,-6.36,-5.45,NaN,-4,-2.89,NaN,NaN,0.0199999999999996,1.69,3.28,NaN,NaN,NaN,12.23,NaN
-8.66,-7.87,NaN,-5.46,NaN,NaN,-3.34,NaN,-1.11,0.289999999999999,1.63,3.25,NaN,5.82,NaN,NaN,NaN
-8.64,-7.87,-6.36,-5.44,-4.64,-4.11,NaN,NaN,NaN,0.0700000000000003,1.8,NaN,3.92,5.82,7.83,12.23,17.37
NaN,NaN,NaN,-5.45,-4.43,NaN,NaN,NaN,NaN,0.210000000000001,NaN,NaN,3.92,NaN,7.83,12.23,17.37
-8.67,NaN,-6.37,-5.47,NaN,-4,-3.05,NaN,NaN,0.169999999999998,1.7,NaN,4.09,NaN,7.83,12.23,17.37
NaN,NaN,-6.36,-5.52,-4.35,NaN,-3.16,NaN,NaN,0.18,1.73,3.33,NaN,5.82,7.83,12.23,17.37
-8.65,-7.87,-6.37,NaN,-4.56,NaN,-3.01,NaN,NaN,0.169999999999998,1.74,NaN,NaN,5.82,NaN,12.23,NaN
-8.66,-7.87,-6.37,-5.52,-4.62,-3.85,NaN,-2.24,-1.03,0.149999999999999,1.54,NaN,4.25,NaN,7.83,NaN,17.37
-8.65,-7.87,-6.37,NaN,-4.73,NaN,NaN,-2.14,NaN,0.0799999999999983,1.65,3.17,NaN,5.82,7.83,12.23,17.37
NaN,NaN,NaN,-5.52,-4.85,NaN,NaN,NaN,NaN,0.0799999999999983,1.83,3.37,NaN,5.82,7.83,12.23,17.37
-8.67,-7.88,-6.37,-5.49,NaN,-4.06,-2.98,NaN,NaN,0.0500000000000007,1.81,3.06,3.98,NaN,NaN,NaN,NaN
-8.67,NaN,NaN,-5.47,NaN,-3.9,NaN,NaN,NaN,0.0300000000000011,1.77,3.01,3.94,NaN,7.83,12.23,17.37
-8.66,-7.87,-6.37,-5.48,-4.78,NaN,-3.03,NaN,-0.899999999999999,0.120000000000001,1.86,3.11,3.96,5.82,7.83,NaN,17.37
NaN,-7.86,-6.37,-5.47,NaN,-4.16,NaN,-2.27,-1,0.0899999999999999,1.76,NaN,NaN,NaN,7.83,12.23,17.37
-8.66,-7.87,-6.37,-5.48,NaN,-3.98,-2.75,NaN,NaN,0.18,1.65,NaN,4.32,5.82,7.83,12.23,17.37
NaN,-7.86,-6.37,-5.49,NaN,-3.91,-2.94,NaN,NaN,0.0799999999999983,1.68,NaN,3.8,5.82,7.83,NaN,17.37
-8.66,-7.87,-6.36,-5.47,NaN,-4,NaN,NaN,NaN,0.25,1.71,NaN,3.91,5.82,7.83,NaN,17.37
-8.67,NaN,NaN,-5.52,NaN,-3.96,NaN,NaN,NaN,0.25,NaN,NaN,NaN,NaN,NaN,NaN,NaN
-8.66,-7.87,-6.37,-5.39,-4.7,NaN,-3.17,NaN,NaN,0.199999999999999,1.72,2.74,3.92,5.82,7.83,NaN,17.37
NaN,-7.86,-6.37,-5.44,-4.74,NaN,-3.23,NaN,NaN,0.23,1.64,3.18,4.26,5.82,NaN,NaN,NaN
NaN,NaN,-6.37,-5.44,-4.34,NaN,-3.13,NaN,NaN,0.0899999999999999,1.71,3.16,NaN,NaN,NaN,12.23,NaN
-8.67,NaN,-6.36,-5.49,NaN,NaN,-3.21,-2.18,NaN,-0.0999999999999979,1.87,3.09,NaN,5.82,7.83,NaN,17.37
-8.67,NaN,-6.37,-5.42,NaN,NaN,-3,-2.23,NaN,0.199999999999999,1.59,3.15,NaN,5.82,7.83,NaN,17.37
NaN,-7.86,-6.36,-5.5,NaN,-4.19,-2.96,NaN,NaN,0.18,1.76,NaN,NaN,5.82,7.83,12.23,17.37
-8.67,NaN,NaN,-5.47,NaN,-4.08,-2.8,NaN,NaN,0.259999999999998,1.76,NaN,NaN,NaN,7.83,NaN,17.37
NaN,-7.86,-6.37,-5.46,NaN,NaN,NaN,NaN,-1.05,0.0300000000000011,1.65,3.15,NaN,NaN,NaN,NaN,NaN
-8.67,NaN,-6.36,-5.46,NaN,-4.03,NaN,-2.32,NaN,0.0199999999999996,1.72,3.16,NaN,5.82,NaN,12.23,NaN
-8.66,-7.87,NaN,-5.43,-4.47,NaN,-3.35,NaN,NaN,0.169999999999998,NaN,NaN,NaN,5.82,7.83,12.23,17.37
-8.66,-7.87,-6.37,-5.5,NaN,NaN,NaN,-2.35,-0.989999999999998,0.16,NaN,NaN,3.98,NaN,7.83,12.23,17.37
-8.66,-7.87,-6.37,-5.38,-4.54,-3.89,NaN,-2.12,NaN,0.120000000000001,1.78,NaN,4.06,NaN,7.83,12.23,17.37
NaN,-7.86,NaN,-5.46,-4.46,NaN,-3.25,NaN,NaN,0.27,1.63,3.11,NaN,NaN,7.83,12.23,17.37
-8.66,-7.87,NaN,-5.5,-4.55,NaN,-3.36,NaN,-1.05,0.289999999999999,1.77,3.08,NaN,5.82,7.83,12.23,17.37
-8.66,-7.87,NaN,-5.5,-4.52,NaN,-2.76,NaN,-1.08,0.239999999999998,NaN,NaN,3.96,5.82,NaN,12.23,NaN
-8.66,-7.87,NaN,-5.51,NaN,NaN,NaN,NaN,-1.1,0.239999999999998,1.71,2.94,4.09,NaN,NaN,12.23,NaN
NaN,-7.86,NaN,-5.49,NaN,-4.13,NaN,NaN,NaN,0.0599999999999987,1.69,3.18,NaN,5.82,7.83,12.23,17.37
-8.67,NaN,NaN,-5.52,NaN,-4.19,NaN,-2.26,-1.12,0.140000000000001,1.8,3.15,3.89,5.82,NaN,NaN,NaN
-8.66,-7.87,NaN,-5.53,-4.45,NaN,-3.1,NaN,-1.05,0.259999999999998,1.86,NaN,NaN,5.82,7.83,NaN,17.37
-8.66,-7.87,-6.37,-5.49,NaN,-3.9,-2.85,NaN,NaN,0.16,1.76,3.14,4.21,NaN,7.83,NaN,17.37
-8.66,-7.87,NaN,-5.5,NaN,-4.03,-3.11,NaN,NaN,0.0199999999999996,1.78,NaN,3.95,NaN,7.83,12.23,17.37
-8.66,-7.87,NaN,NaN,-4.79,-3.65,NaN,-2.09,NaN,0.219999999999999,NaN,NaN,NaN,5.82,7.83,12.23,17.37
-8.67,-7.89,NaN,-5.4,-4.82,-3.84,NaN,NaN,NaN,0.0199999999999996,1.58,NaN,4,NaN,7.83,NaN,17.37
-8.66,-7.87,NaN,-5.51,-4.69,NaN,-3.41,NaN,-0.890000000000001,0.149999999999999,1.64,3.21,3.94,NaN,NaN,12.23,NaN
NaN,-7.86,-6.37,-5.49,NaN,NaN,NaN,NaN,NaN,-0.0500000000000007,1.67,3.14,NaN,NaN,7.83,12.23,17.37
-8.66,-7.87,-6.36,-5.49,-4.73,-3.77,NaN,-2.12,-1.03,0.0199999999999996,1.85,3.07,3.94,5.82,7.83,NaN,17.37
-8.67,NaN,NaN,-5.51,NaN,-3.86,-3.07,NaN,NaN,0.0700000000000003,1.66,3.15,NaN,NaN,7.83,NaN,17.37
-8.66,-7.87,NaN,-5.51,NaN,-4.08,NaN,NaN,NaN,0.120000000000001,1.83,NaN,3.99,5.82,7.83,NaN,17.37
-8.66,-7.87,NaN,NaN,-4.45,NaN,NaN,NaN,NaN,0.0199999999999996,1.75,3.08,4.36,5.82,NaN,NaN,NaN
NaN,-7.86,-6.37,-5.43,-4.83,NaN,-3.08,NaN,NaN,0.0999999999999979,1.72,3.2,NaN,5.82,NaN,12.23,NaN
-8.67,NaN,-6.37,-5.43,NaN,NaN,-2.96,NaN,NaN,-0.0799999999999983,1.74,NaN,4.22,NaN,7.83,12.23,17.37
-8.66,-7.87,-6.36,-5.52,NaN,NaN,NaN,-2.16,NaN,0.329999999999998,NaN,3.15,NaN,NaN,NaN,12.23,NaN
NaN,NaN,-6.36,-5.47,NaN,NaN,-3.18,NaN,NaN,0.32,NaN,3.11,NaN,NaN,7.83,12.23,17.37
-8.67,NaN,NaN,-5.47,NaN,-3.93,NaN,NaN,-0.859999999999999,0.23,1.66,3.22,NaN,5.82,7.83,12.23,17.37
NaN,-7.86,NaN,-5.47,-4.78,NaN,-3.39,NaN,-0.969999999999999,0.18,NaN,3.21,NaN,5.82,NaN,12.23,NaN
NaN,NaN,-6.37,-5.46,NaN,NaN,NaN,NaN,-1.02,-0.109999999999999,1.84,NaN,3.94,NaN,7.83,12.23,17.37
NaN,-7.86,NaN,-5.5,NaN,-4.04,NaN,NaN,NaN,0.390000000000001,1.73,3.06,4.21,5.82,7.83,12.23,17.37
-8.66,-7.87,NaN,-5.51,-4.63,-3.7,NaN,-2.2,NaN,0.0700000000000003,1.73,3.24,4.28,NaN,7.83,12.23,17.37
-8.66,-7.87,NaN,NaN,-4.74,-3.94,NaN,NaN,NaN,0.0999999999999979,1.55,3.16,3.93,5.82,7.83,12.23,17.37
-8.67,NaN,NaN,-5.47,NaN,NaN,-3.21,-2.63,-1,0.00999999999999801,1.64,3.16,NaN,5.82,NaN,12.23,NaN
NaN,-7.86,-6.37,-5.44,-4.47,NaN,-3.09,NaN,NaN,0.27,1.6,3.15,NaN,5.82,NaN,12.23,NaN
-8.66,-7.87,NaN,-5.45,NaN,-4.11,NaN,NaN,NaN,0.16,1.65,NaN,4.15,5.82,7.83,12.23,17.37
-8.66,-7.87,NaN,-5.49,-4.61,-3.78,NaN,NaN,NaN,0.140000000000001,NaN,NaN,4.23,NaN,7.83,12.23,17.37
-8.67,NaN,-6.36,-5.44,-4.32,NaN,NaN,NaN,NaN,0.140000000000001,NaN,NaN,4.14,NaN,NaN,12.23,NaN
-8.67,NaN,-6.37,-5.47,NaN,-4.08,-2.94,NaN,-1.1,0.129999999999999,1.75,NaN,3.86,NaN,7.83,NaN,17.37
-8.67,NaN,NaN,-5.45,NaN,-4.13,NaN,-2.19,-0.890000000000001,0.25,1.64,3.22,NaN,NaN,7.83,NaN,17.37
NaN,-7.86,NaN,NaN,-4.76,-3.77,-3.3,NaN,NaN,0.169999999999998,1.68,3.2,4.03,5.82,NaN,12.23,NaN
-8.66,-7.87,NaN,-5.43,-4.78,-3.99,NaN,NaN,-1.09,0.0399999999999991,1.81,NaN,3.9,NaN,7.83,NaN,17.37
-8.66,-7.87,NaN,-5.44,-4.75,-3.84,NaN,NaN,NaN,0.109999999999999,NaN,3.19,NaN,NaN,7.83,12.23,17.37
NaN,NaN,-6.37,NaN,-4.88,NaN,-3,-2.19,NaN,0.0700000000000003,1.63,3.14,NaN,5.82,NaN,12.23,NaN
-8.66,-7.87,NaN,-5.47,-4.68,-3.94,NaN,NaN,NaN,0.219999999999999,1.62,3.2,NaN,5.82,7.83,12.23,17.37
-8.66,-7.87,-6.36,-5.48,NaN,-4.2,NaN,NaN,NaN,0.16,1.67,3.27,NaN,5.82,7.83,12.23,17.37
NaN,NaN,-6.36,-5.44,NaN,NaN,-3.27,NaN,NaN,0.199999999999999,NaN,3.23,NaN,5.82,7.83,12.23,17.37
NaN,NaN,-6.36,-5.44,-4.44,NaN,-3.07,NaN,NaN,0.16,1.62,3.2,NaN,5.82,NaN,12.23,NaN
-8.66,-7.87,-6.37,-5.49,-4.7,NaN,-3.14,NaN,NaN,0.190000000000001,1.71,NaN,NaN,NaN,7.83,NaN,17.37
-8.66,-7.87,-6.37,-5.5,-4.52,NaN,-2.97,NaN,NaN,0.0300000000000011,1.72,3.35,NaN,5.82,7.83,NaN,17.37
-8.67,NaN,-6.37,-5.52,NaN,-3.85,-2.87,NaN,NaN,-0.109999999999999,1.7,NaN,4.35,NaN,7.83,12.23,17.37
-8.66,-7.87,NaN,-5.5,-4.47,NaN,-3.27,NaN,-1.05,0.259999999999998,1.68,3.24,NaN,NaN,7.83,12.23,17.37
NaN,-7.86,-6.36,-5.46,-4.74,-3.84,-2.99,NaN,NaN,0.370000000000001,NaN,3.19,NaN,5.82,7.83,NaN,17.37
NaN,-7.86,-6.37,-5.43,NaN,NaN,NaN,NaN,NaN,-0.0500000000000007,1.68,3.24,NaN,5.82,NaN,12.23,NaN
NaN,-7.86,-6.36,-5.52,NaN,-4.26,-2.96,-2.12,NaN,0.300000000000001,1.8,3.05,NaN,5.82,7.83,NaN,17.37
-8.67,NaN,-6.37,-5.44,NaN,NaN,-3.09,NaN,NaN,-0.00999999999999801,1.76,3.1,4.2,5.82,7.83,12.23,17.37
-8.66,-7.87,NaN,NaN,-4.81,-4.12,NaN,-2.1,NaN,-0.0199999999999996,1.8,3.21,NaN,5.82,7.83,12.23,17.37
NaN,-7.86,NaN,-5.52,-4.56,NaN,-3.25,NaN,NaN,0.259999999999998,1.73,3.29,3.86,NaN,NaN,12.23,NaN
NaN,-7.86,-6.37,-5.53,-4.56,NaN,-3.05,NaN,NaN,0.18,1.76,3.19,NaN,NaN,NaN,NaN,NaN
-8.66,-7.87,NaN,NaN,-4.73,NaN,NaN,NaN,NaN,-0.0999999999999979,1.75,3.15,NaN,5.82,NaN,12.23,NaN
-8.67,NaN,-6.37,-5.47,NaN,-3.8,-2.91,NaN,-1,0.0700000000000003,1.67,3.15,3.91,5.82,NaN,12.23,NaN
NaN,-7.86,-6.37,-5.4,-4.74,-4.3,NaN,-2.3,NaN,0.309999999999999,1.71,3.18,NaN,5.82,NaN,12.23,NaN
NaN,-7.86,-6.37,-5.4,-4.7,-3.91,NaN,NaN,NaN,0.210000000000001,1.48,NaN,4.36,NaN,7.83,12.23,17.37
-8.67,NaN,-6.36,-5.48,-4.34,NaN,NaN,NaN,-0.940000000000001,0,1.77,NaN,3.94,NaN,NaN,NaN,NaN
NaN,-7.86,NaN,-5.44,NaN,NaN,-2.94,NaN,-0.780000000000001,0.129999999999999,NaN,NaN,NaN,5.82,7.83,12.23,17.37
-8.66,-7.87,-6.37,-5.54,NaN,-3.88,-3.09,NaN,NaN,-0.0399999999999991,1.75,NaN,3.89,5.82,7.83,12.23,17.37
-8.66,-7.87,-6.37,-5.4,-4.69,NaN,-3.01,NaN,NaN,0.0199999999999996,1.61,3.15,4.17,5.82,7.83,12.23,17.37
-8.67,NaN,-6.37,-5.35,NaN,-3.9,-2.85,NaN,-1.15,0.219999999999999,2.12,3.23,3.91,NaN,NaN,12.23,NaN
NaN,-7.86,-6.36,-5.51,NaN,NaN,-2.88,NaN,-1.05,0.199999999999999,1.66,3.27,4.31,5.82,NaN,NaN,NaN
-8.67,NaN,-6.36,-5.54,NaN,NaN,NaN,-2.33,NaN,0.169999999999998,1.69,NaN,4.15,5.82,NaN,NaN,NaN
-8.66,-7.87,-6.36,-5.53,-4.48,NaN,NaN,NaN,NaN,0.259999999999998,1.78,3.25,NaN,5.82,NaN,12.23,NaN
-8.66,-7.87,NaN,-5.51,-4.77,-3.96,NaN,NaN,NaN,0.259999999999998,1.84,3.19,4.3,5.82,7.83,NaN,17.37
NaN,NaN,-6.36,-5.46,NaN,NaN,NaN,NaN,NaN,0.34,1.79,3.23,NaN,NaN,7.83,12.23,17.37
-8.66,-7.87,-6.37,-5.46,NaN,-3.83,NaN,NaN,NaN,0.0300000000000011,1.7,NaN,4.15,5.82,NaN,12.23,NaN
NaN,-7.86,NaN,-5.46,NaN,-3.96,NaN,NaN,NaN,-0.0599999999999987,1.66,NaN,4.06,NaN,NaN,NaN,NaN
NaN,NaN,-6.35,-5.48,NaN,NaN,NaN,NaN,NaN,0.199999999999999,NaN,3.21,NaN,5.82,NaN,12.23,NaN
NaN,NaN,-6.37,-5.46,NaN,-3.77,NaN,-2.22,NaN,-0.140000000000001,1.52,NaN,3.96,5.82,7.83,NaN,17.37
-8.67,NaN,NaN,-5.49,NaN,-4.24,NaN,NaN,NaN,-0.0300000000000011,1.64,NaN,3.95,5.82,7.83,12.23,17.37
NaN,NaN,-6.37,-5.48,NaN,-3.96,-2.9,NaN,-0.940000000000001,0.0899999999999999,1.68,NaN,4.27,5.82,7.83,12.23,17.37
-8.66,-7.87,-6.37,-5.47,-4.48,NaN,-3.03,NaN,NaN,0.0199999999999996,1.74,3.21,NaN,NaN,NaN,NaN,NaN
-8.67,-7.88,-6.37,-5.51,NaN,-3.85,NaN,NaN,NaN,0.0799999999999983,1.76,3.26,NaN,NaN,7.83,NaN,17.37
NaN,NaN,-6.35,-5.49,NaN,-3.92,NaN,NaN,-1.1,0.259999999999998,1.73,3.02,4.14,5.82,7.83,12.23,17.37
-8.66,-7.87,-6.37,-5.31,-4.32,NaN,-3.02,NaN,NaN,0.120000000000001,1.75,NaN,NaN,5.82,NaN,NaN,NaN
NaN,NaN,NaN,NaN,NaN,-4.22,-3.21,NaN,NaN,0.0899999999999999,1.79,3.27,NaN,5.82,7.83,NaN,17.37
-8.66,-7.87,-6.37,-5.46,NaN,NaN,-3.14,NaN,NaN,-0.0599999999999987,1.69,3.11,4.01,5.82,NaN,NaN,NaN
-8.66,-7.87,-6.35,-5.53,NaN,-3.87,-3.04,NaN,-1.16,-0.0700000000000003,1.79,3.13,NaN,NaN,NaN,NaN,NaN
NaN,NaN,-6.37,-5.47,NaN,NaN,-2.96,NaN,NaN,0.0899999999999999,1.57,3.4,NaN,5.82,7.83,12.23,17.37
-8.67,NaN,-6.37,-5.43,NaN,-3.83,-2.96,NaN,-0.940000000000001,0.289999999999999,1.76,NaN,NaN,NaN,7.83,NaN,17.37
-8.67,NaN,-6.36,-5.51,-4.9,NaN,-3.02,NaN,NaN,0.349999999999998,2.18,NaN,NaN,NaN,NaN,12.23,NaN
-8.67,-7.89,-6.36,-5.49,NaN,-3.87,NaN,NaN,NaN,-0.0199999999999996,NaN,3.19,NaN,5.82,NaN,12.23,NaN
-8.65,-7.87,-6.37,NaN,-4.61,NaN,-3.17,NaN,-1.09,0.120000000000001,1.64,3.22,NaN,5.82,7.83,12.23,17.37
NaN,-7.86,-6.37,-5.46,-4.66,-3.75,NaN,NaN,NaN,0.149999999999999,NaN,NaN,3.9,NaN,7.83,12.23,17.37
-8.67,NaN,-6.37,NaN,-4.85,NaN,-3.01,NaN,NaN,0,1.71,3.21,NaN,NaN,NaN,12.23,NaN
NaN,NaN,-6.36,-5.5,NaN,-4.19,-3.18,NaN,-1.23,0.00999999999999801,1.7,3.22,NaN,NaN,7.83,NaN,17.37
NaN,NaN,NaN,-5.49,NaN,-4.31,-3.3,NaN,NaN,0.190000000000001,1.66,NaN,4.33,NaN,NaN,12.23,NaN
-8.67,NaN,-6.37,-5.42,NaN,-4.07,-2.81,NaN,NaN,0.169999999999998,NaN,NaN,NaN,5.82,NaN,12.23,NaN
-8.67,NaN,-6.37,-5.46,NaN,-3.81,NaN,NaN,-0.84,0.18,1.65,3.14,NaN,5.82,NaN,12.23,NaN
-8.67,NaN,-6.36,-5.48,NaN,-4.26,-3.11,-2.13,NaN,0.25,1.78,3.16,NaN,5.82,7.83,12.23,17.37
-8.67,NaN,NaN,-5.45,NaN,-3.92,NaN,NaN,NaN,0.169999999999998,1.61,3.23,4.27,5.82,7.83,12.23,17.37
-8.66,-7.87,-6.37,-5.51,-4.6,NaN,NaN,-2.15,-1.03,0.280000000000001,1.71,3.18,NaN,NaN,7.83,12.23,17.37
-8.66,-7.87,-6.37,-5.52,-4.49,NaN,NaN,NaN,NaN,0.0700000000000003,1.79,NaN,NaN,NaN,NaN,NaN,NaN
NaN,-7.86,-6.36,-5.47,NaN,-4.25,NaN,NaN,NaN,0.219999999999999,NaN,3.17,NaN,NaN,7.83,12.23,17.37
NaN,-7.86,-6.36,-5.42,-4.67,NaN,NaN,NaN,NaN,0.140000000000001,1.72,NaN,4.26,5.82,NaN,12.23,NaN
NaN,-7.86,-6.37,NaN,-4.74,NaN,NaN,NaN,NaN,0.0399999999999991,1.53,3.13,NaN,5.82,7.83,12.23,17.37
-8.67,NaN,-6.37,-5.5,NaN,-4.01,NaN,NaN,-0.960000000000001,0.259999999999998,1.66,NaN,4.22,5.82,7.83,NaN,17.37
NaN,-7.86,NaN,-5.42,-4.58,NaN,NaN,NaN,-1.26,-0.0999999999999979,1.72,3.18,3.9,5.82,7.83,NaN,17.37
NaN,-7.86,-6.36,-5.53,-4.66,-3.93,-2.8,NaN,-1.01,0.239999999999998,1.68,3.15,3.96,5.82,NaN,12.23,NaN
-8.66,-7.87,NaN,-5.49,NaN,-4.08,NaN,NaN,-0.940000000000001,0.219999999999999,1.68,3.13,3.95,5.82,7.83,NaN,17.37
-8.66,-7.87,-6.36,-5.48,NaN,NaN,NaN,-2.03,NaN,-0.0999999999999979,1.63,NaN,3.94,5.82,NaN,NaN,NaN
NaN,-7.86,-6.37,-5.46,-4.59,NaN,-2.91,NaN,-0.890000000000001,0.349999999999998,1.72,3.08,NaN,5.82,NaN,12.23,NaN
-8.66,-7.87,-6.36,-5.49,NaN,-3.79,-3.02,NaN,NaN,0.219999999999999,1.69,3.26,NaN,5.82,7.83,12.23,17.37
NaN,-7.86,-6.37,-5.52,NaN,-4.11,NaN,NaN,-1.05,0.289999999999999,1.69,3.24,4.4,5.82,7.83,NaN,17.37
-8.67,NaN,NaN,-5.48,NaN,-3.91,-3.27,NaN,NaN,-0.0399999999999991,1.45,3.18,3.87,5.82,NaN,12.23,NaN
-8.66,-7.87,NaN,-5.5,-4.8,NaN,-3.29,-2.17,-1.06,0.18,1.66,2.71,4.21,5.82,7.83,12.23,17.37
NaN,NaN,-6.37,-5.43,NaN,-4.2,-2.98,NaN,NaN,0.120000000000001,1.69,NaN,NaN,5.82,7.83,12.23,17.37
-8.66,-7.87,-6.37,NaN,-4.72,-3.91,NaN,NaN,-1.01,0.0599999999999987,1.72,NaN,NaN,5.82,NaN,12.23,NaN
-8.66,-7.87,NaN,-5.51,NaN,-3.94,-3.19,NaN,NaN,0.169999999999998,1.72,NaN,NaN,5.82,NaN,12.23,NaN
-8.67,NaN,-6.37,-5.49,NaN,NaN,NaN,NaN,NaN,0.140000000000001,1.46,NaN,NaN,NaN,7.83,12.23,17.37
-8.67,-7.88,-6.36,-5.49,NaN,-3.96,NaN,NaN,-1.02,0.359999999999999,NaN,NaN,3.91,5.82,NaN,12.23,NaN
-8.67,NaN,NaN,-5.48,NaN,-3.96,NaN,-2.2,NaN,0.309999999999999,1.69,3.06,NaN,NaN,7.83,NaN,17.37
-8.66,-7.87,NaN,-5.43,-4.69,NaN,-3.17,NaN,-1.03,0.199999999999999,1.71,3.05,3.93,5.82,NaN,12.23,NaN
NaN,-7.86,-6.37,-5.51,NaN,-4.04,-2.91,NaN,-1,0.0700000000000003,1.98,NaN,NaN,5.82,NaN,12.23,NaN
-8.66,-7.87,-6.37,-5.45,-4.71,NaN,NaN,NaN,-0.93,0.129999999999999,1.69,3.1,4.22,NaN,NaN,NaN,NaN
NaN,-7.86,-6.36,-5.5,NaN,NaN,NaN,-2.41,NaN,0.00999999999999801,1.81,3.16,NaN,NaN,NaN,12.23,NaN
-8.66,-7.87,-6.37,-5.5,NaN,NaN,-3,NaN,NaN,-0.0500000000000007,1.75,NaN,4.06,5.82,NaN,NaN,NaN
NaN,NaN,NaN,-5.49,NaN,-3.89,-3.29,NaN,NaN,0.120000000000001,1.7,3.05,4.16,5.82,7.83,NaN,17.37
NaN,NaN,NaN,-5.48,-4.89,-4.2,NaN,NaN,-0.940000000000001,0.0999999999999979,1.68,3,3.95,5.82,NaN,12.23,NaN
NaN,NaN,-6.36,-5.53,NaN,-4.18,-3.26,NaN,-1,0.0700000000000003,1.68,NaN,3.98,5.82,7.83,NaN,17.37
NaN,-7.86,-6.36,-5.5,-4.7,NaN,-3.13,NaN,-1.04,0.169999999999998,1.72,3.1,4.04,5.82,NaN,NaN,NaN
-8.66,-7.87,NaN,-5.51,NaN,-3.9,-3.11,-2.18,NaN,-0.0300000000000011,1.8,3.25,NaN,5.82,NaN,NaN,NaN
-8.65,-7.87,-6.37,-5.42,-4.67,-4.1,NaN,NaN,NaN,0.0899999999999999,NaN,NaN,NaN,NaN,7.83,NaN,17.37
-8.66,-7.87,NaN,-5.47,-4.82,-4,-2.94,NaN,-0.919999999999998,0.43,NaN,3.35,3.92,5.82,7.83,12.23,17.37
NaN,-7.86,-6.37,-5.44,NaN,-4,NaN,NaN,NaN,0.0799999999999983,1.42,NaN,4.1,5.82,NaN,12.23,NaN
-8.67,NaN,-6.37,-5.42,-4.59,NaN,NaN,NaN,NaN,0.280000000000001,NaN,3.19,NaN,NaN,7.83,NaN,17.37
NaN,-7.86,-6.37,-5.37,-4.6,-4.1,-3.02,NaN,-0.890000000000001,0.329999999999998,1.65,3.1,NaN,5.82,NaN,12.23,NaN
NaN,NaN,NaN,-5.44,NaN,NaN,-3.33,NaN,-1.16,0.16,NaN,NaN,4.2,NaN,NaN,12.23,NaN
-8.66,-7.87,-6.37,NaN,NaN,NaN,-3.14,-2.09,NaN,0.0300000000000011,1.67,3.26,NaN,5.82,7.83,12.23,17.37
NaN,-7.86,-6.37,-5.49,-4.65,NaN,-2.92,NaN,NaN,0.0799999999999983,1.62,3.05,3.79,5.82,7.83,12.23,17.37
-8.66,-7.87,NaN,-5.46,-4.54,NaN,-3.2,NaN,NaN,0.00999999999999801,1.63,3.22,3.86,5.82,7.83,12.23,17.37
-8.67,NaN,-6.37,-5.48,NaN,-3.92,-2.88,NaN,NaN,0.169999999999998,1.64,NaN,NaN,5.82,NaN,12.23,NaN
NaN,-7.86,-6.36,-5.5,-4.38,NaN,-3.07,NaN,NaN,0.0500000000000007,1.66,3.12,NaN,5.82,NaN,12.23,NaN
NaN,NaN,-6.36,-5.48,NaN,-3.9,NaN,NaN,-1.05,0.0899999999999999,1.75,3.22,3.94,NaN,NaN,12.23,NaN
NaN,-7.86,-6.36,-5.5,NaN,-3.96,NaN,NaN,NaN,0.120000000000001,1.76,3.08,NaN,5.82,NaN,NaN,NaN
NaN,NaN,-6.37,-5.54,NaN,-4.2,-3.04,NaN,NaN,0.120000000000001,1.69,3.33,NaN,5.82,7.83,12.23,17.37
-8.67,NaN,NaN,-5.5,NaN,NaN,-3.31,NaN,-1.11,-0.00999999999999801,1.68,2.95,4.26,NaN,NaN,12.23,NaN
-8.66,-7.87,-6.37,-5.49,-4.61,NaN,NaN,NaN,NaN,0.129999999999999,1.64,3.23,4.37,NaN,NaN,12.23,NaN
-8.66,-7.87,NaN,-5.44,NaN,-3.81,NaN,NaN,NaN,-0.0300000000000011,1.63,NaN,4.03,5.82,7.83,NaN,17.37
-8.66,-7.87,NaN,-5.52,-4.67,-3.79,NaN,NaN,NaN,0.239999999999998,1.67,3.19,NaN,NaN,NaN,12.23,NaN
-8.66,-7.87,NaN,-5.52,NaN,-4.04,NaN,NaN,-0.849999999999998,0.25,1.73,3.14,NaN,5.82,7.83,12.23,17.37
NaN,-7.86,-6.37,-5.41,NaN,-3.99,NaN,NaN,NaN,0.0599999999999987,1.73,NaN,3.94,5.82,7.83,12.23,17.37
-8.67,NaN,NaN,NaN,NaN,-4.18,NaN,NaN,NaN,0.280000000000001,1.69,3.08,NaN,5.82,7.83,12.23,17.37
NaN,-7.86,-6.37,-5.39,-4.74,-4.04,NaN,NaN,NaN,0.0500000000000007,1.83,NaN,NaN,NaN,7.83,NaN,17.37
-8.66,-7.87,-6.37,-5.53,NaN,-4.01,-2.8,NaN,NaN,0.199999999999999,NaN,NaN,NaN,NaN,7.83,12.23,17.37
NaN,NaN,NaN,-5.48,NaN,-3.91,NaN,NaN,-1,0.199999999999999,1.7,NaN,4.27,5.82,7.83,12.23,17.37
NaN,NaN,NaN,-5.48,NaN,-3.73,-2.85,NaN,-0.93,0.18,1.63,NaN,3.89,5.82,7.83,12.23,17.37
-8.66,-7.87,NaN,-5.49,-4.82,NaN,-3.23,NaN,NaN,0.390000000000001,1.76,NaN,NaN,5.82,NaN,12.23,NaN
-8.67,NaN,-6.37,-5.48,-4.32,NaN,NaN,NaN,NaN,0.18,1.7,NaN,4.12,NaN,7.83,NaN,17.37
-8.67,NaN,NaN,NaN,NaN,-3.75,NaN,NaN,NaN,0.0500000000000007,1.61,3.2,4.01,5.82,7.83,12.23,17.37
-8.66,-7.87,-6.37,-5.44,-4.58,NaN,-2.85,NaN,-1.1,0.239999999999998,1.57,3.08,4,NaN,7.83,12.23,17.37
-8.67,NaN,-6.36,-5.52,NaN,NaN,-2.93,NaN,NaN,0.25,NaN,3.17,NaN,NaN,NaN,12.23,NaN
-8.67,NaN,NaN,-5.52,NaN,-4.07,NaN,-2.1,NaN,0.00999999999999801,1.73,3.27,NaN,5.82,7.83,NaN,17.37
NaN,-7.86,-6.37,-5.51,NaN,-3.99,NaN,NaN,NaN,0.0999999999999979,1.63,3.31,NaN,5.82,NaN,12.23,NaN
NaN,-7.86,-6.37,-5.48,-4.75,NaN,NaN,NaN,-0.98,0.0300000000000011,1.7,3.21,NaN,5.82,NaN,12.23,NaN
NaN,-7.86,NaN,-5.45,-4.71,NaN,-3.37,NaN,NaN,0.0300000000000011,1.63,3.14,4.25,5.82,NaN,12.23,NaN
-8.67,NaN,NaN,-5.48,-4.35,NaN,-3.52,NaN,-0.870000000000001,0.0799999999999983,1.71,NaN,4.05,NaN,7.83,12.23,17.37
-8.66,-7.87,-6.37,-5.44,-4.51,NaN,-3.27,NaN,NaN,0.00999999999999801,1.8,3.19,4.24,NaN,NaN,12.23,NaN
NaN,-7.86,NaN,-5.49,NaN,NaN,-3.03,NaN,-1.04,0.0999999999999979,1.67,3.26,NaN,NaN,7.83,12.23,17.37
-8.67,NaN,-6.36,-5.49,NaN,NaN,-2.91,-2.14,NaN,0.0700000000000003,NaN,3.15,4.2,5.82,NaN,NaN,NaN
-8.67,NaN,-6.37,-5.46,NaN,NaN,-2.97,NaN,NaN,0.239999999999998,NaN,3.38,NaN,5.82,NaN,12.23,NaN
NaN,NaN,-6.37,NaN,-4.83,NaN,-3.32,NaN,NaN,0.300000000000001,NaN,3.17,NaN,NaN,NaN,12.23,NaN
NaN,-7.86,-6.36,-5.49,NaN,NaN,NaN,NaN,-1.14,0.0799999999999983,NaN,3.13,NaN,5.82,NaN,12.23,NaN
-8.67,NaN,-6.37,-5.5,NaN,NaN,-3.21,NaN,-0.91,0.140000000000001,1.8,3.21,NaN,NaN,NaN,12.23,NaN
-8.66,-7.87,NaN,-5.5,NaN,NaN,-3.04,NaN,NaN,0.129999999999999,1.51,NaN,4.13,NaN,7.83,12.23,17.37
-8.65,-7.87,-6.37,-5.47,-4.64,NaN,-2.96,NaN,NaN,-0.0999999999999979,1.79,3.24,NaN,5.82,NaN,NaN,NaN
-8.67,NaN,-6.37,-5.47,-4.9,-3.91,-2.93,-2.12,NaN,0.0500000000000007,1.7,3.18,NaN,5.82,NaN,12.23,NaN
-8.66,-7.87,-6.37,-5.46,NaN,NaN,-3.1,NaN,NaN,0.0599999999999987,1.69,3.2,NaN,5.82,7.83,NaN,17.37
-8.66,-7.87,-6.37,-5.51,NaN,-4.26,-2.94,NaN,NaN,0.329999999999998,1.66,NaN,4.06,5.82,NaN,12.23,NaN
-8.67,NaN,-6.37,-5.48,NaN,-4.08,-2.9,NaN,-0.969999999999999,-0.0300000000000011,1.71,2.97,3.94,5.82,7.83,12.23,17.37
-8.66,-7.87,NaN,-5.47,-4.85,-3.92,-2.76,NaN,-1.07,0.149999999999999,1.67,NaN,3.96,5.82,NaN,NaN,NaN
NaN,NaN,NaN,-5.44,NaN,-4.31,NaN,NaN,NaN,0.199999999999999,1.63,NaN,NaN,NaN,NaN,12.23,NaN
NaN,NaN,-6.36,-5.49,NaN,-4.27,NaN,NaN,-0.93,0.259999999999998,1.6,NaN,4.14,5.82,7.83,12.23,17.37
NaN,-7.86,NaN,-5.51,-4.65,NaN,-3.31,NaN,NaN,0.129999999999999,1.84,NaN,NaN,NaN,NaN,12.23,NaN
-8.67,NaN,-6.37,-5.48,-4.64,NaN,-3.27,NaN,NaN,0.129999999999999,1.72,3.24,NaN,NaN,7.83,12.23,17.37
-8.66,-7.87,NaN,-5.49,-4.33,NaN,-3.33,NaN,NaN,0.300000000000001,1.7,NaN,NaN,NaN,7.83,12.23,17.37
-8.66,-7.87,NaN,-5.44,NaN,-4.28,NaN,NaN,-1.01,0.0999999999999979,1.72,3.23,NaN,NaN,7.83,12.23,17.37
-8.66,-7.87,-6.37,-5.42,NaN,NaN,-3.11,-2.11,-1.06,0.239999999999998,1.53,3.22,NaN,5.82,7.83,12.23,17.37
-8.67,-7.89,NaN,-5.52,NaN,-4.05,NaN,NaN,NaN,-0.0199999999999996,1.75,3.18,3.87,5.82,7.83,12.23,17.37
-8.67,NaN,-6.37,-5.51,NaN,NaN,-2.98,NaN,NaN,0.18,1.56,3.19,4.36,NaN,7.83,NaN,17.37
-8.67,NaN,-6.37,-5.48,NaN,-4,NaN,NaN,-0.940000000000001,0.300000000000001,1.68,NaN,3.83,NaN,NaN,12.23,NaN
-8.66,-7.87,NaN,-5.43,-4.7,NaN,-3.05,NaN,NaN,0.0899999999999999,1.72,3.26,NaN,NaN,NaN,12.23,NaN
NaN,NaN,-6.37,-5.46,NaN,NaN,NaN,NaN,NaN,-0.00999999999999801,1.62,3.21,4.11,NaN,7.83,12.23,17.37
-8.66,-7.87,-6.37,-5.49,NaN,NaN,-2.99,NaN,NaN,0.210000000000001,1.64,NaN,NaN,NaN,7.83,12.23,17.37
-8.67,-7.88,-6.37,-5.46,NaN,NaN,NaN,-2.42,-1.04,0.0799999999999983,1.65,3.27,NaN,5.82,7.83,12.23,17.37
NaN,-7.86,-6.37,-5.53,-4.71,NaN,-3.15,NaN,NaN,0.0500000000000007,1.77,3.26,NaN,5.82,NaN,12.23,NaN
-8.66,-7.87,-6.37,-5.48,-4.8,NaN,-3.17,NaN,NaN,0.239999999999998,1.58,3.25,NaN,NaN,7.83,12.23,17.37
-8.65,-7.87,-6.37,-5.46,-4.61,-4.01,NaN,NaN,-1.02,0.27,1.63,NaN,NaN,5.82,7.83,12.23,17.37
-8.66,-7.87,NaN,NaN,-4.51,NaN,-3.38,NaN,NaN,0.169999999999998,1.78,NaN,3.99,5.82,7.83,12.23,17.37
NaN,-7.86,-6.35,-5.5,-4.7,NaN,-3.12,NaN,NaN,0.00999999999999801,1.64,3.24,NaN,5.82,NaN,NaN,NaN
-8.66,-7.87,-6.37,NaN,-4.54,NaN,-2.99,NaN,NaN,0.16,1.69,3,NaN,NaN,7.83,12.23,17.37
-8.67,NaN,-6.37,-5.46,-4.35,NaN,-3.03,-2.14,-1,0.239999999999998,1.76,NaN,4.12,5.82,7.83,12.23,17.37
-8.66,-7.87,NaN,-5.39,NaN,-3.99,NaN,NaN,-1.05,0.239999999999998,1.65,3.23,NaN,NaN,NaN,12.23,NaN
-8.66,-7.87,-6.36,-5.49,NaN,-4.04,-3.03,NaN,NaN,0.0999999999999979,1.68,3.26,NaN,5.82,7.83,12.23,17.37
-8.67,NaN,-6.37,-5.42,NaN,NaN,-3.08,NaN,-0.949999999999999,0.259999999999998,1.73,3.14,3.98,5.82,NaN,12.23,NaN
NaN,NaN,-6.36,-5.45,NaN,NaN,NaN,-2.38,-0.899999999999999,0.109999999999999,1.73,3.1,3.94,5.82,7.83,12.23,17.37
-8.67,NaN,-6.36,-5.45,NaN,-3.93,NaN,NaN,-0.98,0.18,NaN,3.35,4.09,5.82,7.83,NaN,17.37
NaN,NaN,NaN,-5.46,-4.83,NaN,-3.37,NaN,-1.01,0.140000000000001,NaN,3.27,NaN,NaN,7.83,12.23,17.37
NaN,NaN,-6.36,-5.45,NaN,-3.86,NaN,NaN,NaN,0.280000000000001,NaN,3.17,NaN,NaN,7.83,12.23,17.37
NaN,-7.86,NaN,-5.5,-4.63,NaN,NaN,NaN,NaN,0.18,NaN,NaN,NaN,5.82,7.83,NaN,17.37
-8.67,-7.88,-6.37,-5.52,-4.81,NaN,-2.91,NaN,NaN,0.27,NaN,NaN,4.06,5.82,7.83,12.23,17.37
NaN,-7.86,NaN,-5.48,-4.58,-3.84,NaN,-2.23,NaN,0.0300000000000011,NaN,3.25,NaN,5.82,7.83,NaN,17.37
-8.66,-7.87,-6.37,-5.38,-4.77,-3.85,-3.05,NaN,NaN,0.0999999999999979,1.66,NaN,NaN,NaN,7.83,12.23,17.37
-8.67,NaN,NaN,-5.52,NaN,-3.95,-3.13,NaN,NaN,0.0300000000000011,1.77,3.01,4.28,5.82,NaN,NaN,NaN
NaN,NaN,-6.37,NaN,NaN,NaN,-2.99,NaN,NaN,0,NaN,NaN,3.83,NaN,7.83,12.23,17.37
-8.66,-7.87,-6.35,-5.49,NaN,-3.85,NaN,-1.86,NaN,0.0700000000000003,1.63,3.07,NaN,5.82,7.83,NaN,17.37
-8.64,-7.87,-6.37,-5.47,-4.43,NaN,-2.92,NaN,NaN,-0.0799999999999983,1.7,3.35,NaN,5.82,NaN,NaN,NaN
NaN,NaN,NaN,-5.49,-4.66,NaN,NaN,NaN,NaN,0.190000000000001,1.75,NaN,4.15,5.82,7.83,12.23,17.37
-8.66,-7.87,NaN,-5.49,-4.54,NaN,-3.44,NaN,NaN,0.120000000000001,1.55,NaN,3.99,5.82,NaN,12.23,NaN
NaN,-7.86,NaN,-5.45,-4.65,-4.12,-3.25,NaN,NaN,-0.0199999999999996,1.73,NaN,4.26,5.82,7.83,NaN,17.37
NaN,NaN,-6.37,-5.46,NaN,NaN,NaN,NaN,-1.38,0.199999999999999,1.82,3.25,4.12,5.82,7.83,12.23,17.37
-8.67,NaN,-6.36,-5.52,-4.56,NaN,-3.3,NaN,NaN,0.120000000000001,1.7,3.04,NaN,5.82,7.83,12.23,17.37
-8.67,NaN,NaN,-5.44,NaN,NaN,-3.3,NaN,NaN,0.18,1.63,NaN,4.3,5.82,NaN,12.23,NaN
NaN,-7.86,NaN,-5.48,NaN,NaN,-3.35,NaN,NaN,0.0599999999999987,1.58,3.17,4.18,NaN,7.83,12.23,17.37
NaN,NaN,-6.37,-5.47,NaN,-3.92,NaN,NaN,NaN,0.00999999999999801,1.6,NaN,3.96,5.82,7.83,12.23,17.37
NaN,NaN,NaN,-5.41,-4.89,NaN,NaN,NaN,-0.91,0.169999999999998,1.8,3,NaN,5.82,7.83,12.23,17.37
-8.66,-7.87,-6.37,NaN,-4.56,NaN,-2.94,NaN,-1.14,0.0399999999999991,1.77,3.14,NaN,NaN,NaN,NaN,NaN
-8.66,-7.87,NaN,-5.47,NaN,NaN,NaN,NaN,NaN,0.199999999999999,1.78,NaN,NaN,5.82,7.83,12.23,17.37
NaN,NaN,NaN,-5.51,NaN,NaN,-3.36,NaN,NaN,0.149999999999999,2.2,3.27,4.11,5.82,7.83,12.23,17.37
NaN,NaN,-6.37,-5.46,NaN,-4.25,-3,NaN,-0.829999999999998,0.289999999999999,NaN,3.19,NaN,NaN,7.83,12.23,17.37
-8.66,-7.87,-6.37,NaN,-4.65,-3.98,NaN,NaN,NaN,0.169999999999998,1.77,3.2,NaN,NaN,NaN,12.23,NaN
NaN,NaN,-6.37,-5.45,NaN,-4.3,NaN,NaN,NaN,0.190000000000001,1.76,3.12,NaN,5.82,7.83,12.23,17.37
NaN,NaN,-6.37,-5.54,NaN,NaN,NaN,NaN,NaN,0.0500000000000007,1.67,3.25,NaN,5.82,7.83,12.23,17.37
-8.67,NaN,-6.37,-5.49,NaN,-4.29,-2.79,NaN,-0.780000000000001,0.169999999999998,1.99,NaN,NaN,5.82,NaN,12.23,NaN
NaN,-7.86,-6.37,-5.48,NaN,-3.86,NaN,NaN,-0.800000000000001,0.0799999999999983,1.73,NaN,NaN,NaN,7.83,12.23,17.37
NaN,NaN,NaN,-5.41,-4.81,-3.87,NaN,NaN,-1.12,0.0899999999999999,NaN,3.23,NaN,5.82,7.83,12.23,17.37
-8.66,-7.87,-6.37,-5.5,NaN,-4.25,-3.07,NaN,NaN,0.23,1.72,3.26,NaN,NaN,NaN,12.23,NaN
NaN,-7.86,-6.36,-5.54,NaN,-4.09,NaN,-2.15,NaN,0.0799999999999983,1.67,3.24,NaN,5.82,NaN,12.23,NaN
-8.66,-7.87,NaN,-5.49,NaN,-4.02,NaN,NaN,-1.05,0.0899999999999999,1.6,3.12,NaN,5.82,NaN,12.23,NaN
-8.66,-7.87,NaN,-5.5,NaN,-4.25,-3.28,NaN,NaN,0.329999999999998,1.76,NaN,4.09,NaN,7.83,12.23,17.37
NaN,NaN,-6.37,-5.39,-4.83,NaN,-3.1,NaN,NaN,0.0700000000000003,1.76,3.11,3.92,NaN,7.83,NaN,17.37
-8.67,NaN,-6.36,-5.5,-4.43,NaN,NaN,NaN,NaN,0.129999999999999,1.68,3.26,NaN,5.82,7.83,12.23,17.37
-8.67,NaN,-6.37,-5.42,NaN,-3.94,-3.04,-2.07,NaN,0.129999999999999,1.82,3.21,NaN,NaN,NaN,12.23,NaN
-8.66,-7.87,-6.37,-5.52,-4.66,-4.05,-2.85,NaN,-1,0.280000000000001,1.73,NaN,4.06,NaN,7.83,12.23,17.37
-8.67,NaN,-6.37,-5.54,NaN,NaN,-3.22,NaN,-1.2,0.00999999999999801,1.62,NaN,NaN,NaN,7.83,12.23,17.37
-8.67,NaN,-6.37,-5.45,-4.39,NaN,-3.12,NaN,-1.41,0.0199999999999996,1.85,3.32,NaN,NaN,NaN,NaN,NaN
NaN,NaN,-6.36,-5.47,NaN,-3.91,NaN,NaN,NaN,0.0700000000000003,1.8,NaN,3.89,5.82,NaN,NaN,NaN
-8.66,-7.87,NaN,-5.52,-4.37,NaN,-3.16,-2.17,NaN,0.0199999999999996,1.73,3.18,NaN,5.82,7.83,NaN,17.37
-8.66,-7.87,-6.36,-5.5,NaN,-3.92,NaN,NaN,NaN,0.25,1.81,3.11,4.03,NaN,NaN,12.23,NaN
-8.66,-7.87,-6.37,NaN,-4.7,-4.22,-3.25,NaN,NaN,0.190000000000001,1.66,3.33,NaN,NaN,NaN,12.23,NaN
NaN,-7.86,-6.36,-5.49,NaN,-3.99,NaN,NaN,NaN,0.27,1.74,NaN,3.96,5.82,7.83,12.23,17.37
NaN,-7.86,-6.36,-5.48,NaN,NaN,NaN,NaN,-0.879999999999999,-0.0300000000000011,1.66,NaN,3.92,NaN,NaN,NaN,NaN
-8.66,-7.87,NaN,-5.51,-4.74,NaN,-3.12,NaN,NaN,0.219999999999999,1.76,3.17,NaN,5.82,7.83,12.23,17.37
-8.67,NaN,-6.36,-5.49,NaN,-3.81,NaN,NaN,-0.809999999999999,0.16,1.71,NaN,4.17,5.82,7.83,12.23,17.37
-8.66,-7.87,NaN,-5.43,NaN,-4.03,-3.2,NaN,-1.13,0.140000000000001,1.71,3.01,NaN,5.82,7.83,NaN,17.37
NaN,-7.86,-6.36,-5.49,NaN,NaN,-3.32,NaN,NaN,0.199999999999999,1.67,3.24,NaN,5.82,NaN,12.23,NaN
-8.67,NaN,NaN,-5.49,NaN,-4.02,NaN,NaN,NaN,0.210000000000001,1.68,3.26,NaN,5.82,NaN,12.23,NaN
NaN,-7.86,-6.37,-5.39,-4.74,NaN,NaN,NaN,NaN,0.0799999999999983,1.79,NaN,4.27,5.82,7.83,12.23,17.37
-8.66,-7.87,-6.36,-5.47,-4.64,-4.02,NaN,NaN,-0.98,0.25,NaN,3.1,3.8,5.82,7.83,12.23,17.37
NaN,NaN,-6.35,-5.49,NaN,-3.93,NaN,-2.19,NaN,0.0700000000000003,1.72,NaN,NaN,5.82,NaN,12.23,NaN
NaN,-7.86,-6.37,NaN,NaN,-3.99,-3.07,NaN,NaN,0.149999999999999,NaN,3.28,NaN,5.82,7.83,12.23,17.37
-8.67,NaN,-6.37,-5.48,NaN,NaN,-3.09,NaN,NaN,0.169999999999998,1.62,NaN,NaN,NaN,NaN,NaN,NaN
NaN,-7.86,-6.37,-5.45,-4.52,NaN,NaN,NaN,NaN,0.18,1.79,NaN,NaN,NaN,7.83,12.23,17.37
NaN,-7.86,-6.36,-5.46,NaN,NaN,-3.05,NaN,NaN,0.0300000000000011,1.83,3.1,3.95,5.82,7.83,NaN,17.37
-8.67,NaN,-6.37,-5.47,NaN,NaN,-2.87,NaN,NaN,0.25,NaN,NaN,3.99,5.82,NaN,12.23,NaN
-8.66,-7.87,NaN,-5.48,NaN,NaN,-3.28,NaN,-1.01,-0.0300000000000011,1.67,3.18,4.09,5.82,7.83,NaN,17.37
-8.67,NaN,-6.36,-5.47,NaN,-3.99,NaN,NaN,NaN,0.0899999999999999,NaN,NaN,3.87,5.82,7.83,12.23,17.37
-8.66,-7.87,NaN,-5.45,-4.56,NaN,NaN,NaN,NaN,0.18,NaN,3.21,NaN,NaN,NaN,12.23,NaN
-8.67,-7.88,-6.37,-5.54,NaN,-3.92,-2.77,NaN,NaN,0.18,2.06,NaN,NaN,5.82,NaN,12.23,NaN
-8.65,-7.87,-6.37,NaN,NaN,-3.95,-2.79,NaN,NaN,0.0500000000000007,1.85,NaN,NaN,NaN,7.83,NaN,17.37
-8.67,-7.88,-6.37,-5.5,NaN,-4.24,-3.14,NaN,NaN,0.210000000000001,NaN,3.28,NaN,5.82,7.83,NaN,17.37
-8.66,-7.87,NaN,-5.48,-4.72,NaN,NaN,NaN,NaN,0.0300000000000011,1.75,3.17,NaN,5.82,NaN,12.23,NaN
NaN,-7.86,NaN,-5.43,-4.51,-3.85,-3.35,NaN,-1.13,0.120000000000001,1.74,3.18,NaN,NaN,7.83,NaN,17.37
-8.67,-7.88,-6.37,-5.48,NaN,-4.12,-2.88,NaN,NaN,0.129999999999999,1.65,3.05,4.19,5.82,NaN,12.23,NaN
-8.67,NaN,-6.36,-5.49,NaN,NaN,-2.69,NaN,NaN,0.18,NaN,3.11,3.99,NaN,7.83,12.23,17.37
-8.66,-7.87,-6.37,-5.46,-4.48,NaN,-3.12,NaN,-1.21,0.149999999999999,1.5,3.17,4.15,5.82,7.83,NaN,17.37
NaN,-7.86,-6.37,-5.52,NaN,-4.12,NaN,NaN,NaN,0.239999999999998,1.73,3.25,NaN,5.82,NaN,12.23,NaN
-8.66,-7.87,-6.36,-5.52,NaN,-4.1,-3.25,NaN,NaN,0.199999999999999,1.69,3.21,4,NaN,7.83,NaN,17.37
-8.66,-7.87,-6.37,-5.54,NaN,NaN,-2.95,NaN,-1.22,0.390000000000001,1.77,3.14,4.19,NaN,7.83,12.23,17.37
-8.67,NaN,-6.36,-5.49,NaN,NaN,-2.82,NaN,-0.98,0.27,1.69,3.31,NaN,NaN,7.83,12.23,17.37
NaN,-7.86,-6.37,-5.46,-4.77,NaN,NaN,-2.19,-1.02,-0.00999999999999801,1.67,3.33,NaN,5.82,7.83,NaN,17.37
-8.66,-7.87,-6.37,NaN,-4.77,NaN,-2.94,NaN,NaN,-0.0399999999999991,1.82,3.24,NaN,5.82,NaN,12.23,NaN
-8.66,-7.87,-6.36,-5.46,NaN,NaN,-3.23,NaN,-0.919999999999998,0.239999999999998,1.65,3.21,NaN,NaN,7.83,12.23,17.37
-8.66,-7.87,NaN,NaN,NaN,-3.92,NaN,-2.62,NaN,0.0799999999999983,1.66,NaN,4.35,5.82,NaN,12.23,NaN
-8.67,-7.88,NaN,-5.43,-4.32,NaN,-3.29,NaN,NaN,-0.0399999999999991,1.72,3.25,NaN,NaN,NaN,12.23,NaN
NaN,-7.86,NaN,NaN,-4.68,NaN,-3.22,NaN,-0.989999999999998,0.140000000000001,1.65,3.19,NaN,5.82,NaN,12.23,NaN
NaN,-7.86,NaN,-5.49,-4.72,NaN,-3.12,NaN,NaN,0.0899999999999999,1.65,3.28,4,5.82,NaN,NaN,NaN
-8.67,NaN,NaN,-5.46,NaN,NaN,-3.23,NaN,NaN,0.0500000000000007,NaN,3.04,3.86,5.82,7.83,12.23,17.37
-8.64,-7.87,NaN,-5.48,-4.7,-3.98,NaN,NaN,-1.01,0.16,1.64,3.06,4.18,5.82,7.83,12.23,17.37
-8.65,-7.87,-6.36,-5.48,-4.54,NaN,NaN,NaN,-1.03,0.0899999999999999,1.8,3.12,4.11,5.82,7.83,12.23,17.37
-8.65,-7.87,-6.37,-5.44,-4.77,-3.95,NaN,NaN,NaN,0.169999999999998,1.7,3.2,NaN,NaN,7.83,12.23,17.37
-8.66,-7.87,-6.36,-5.44,-4.58,NaN,NaN,NaN,NaN,0.0399999999999991,1.75,NaN,NaN,5.82,7.83,12.23,17.37
-8.67,NaN,-6.36,-5.51,NaN,-4.19,-3.06,NaN,-0.969999999999999,0.0999999999999979,1.55,NaN,3.74,5.82,NaN,NaN,NaN
-8.66,-7.87,-6.37,-5.45,-4.75,NaN,-2.95,NaN,NaN,0.129999999999999,1.74,NaN,4.14,NaN,7.83,NaN,17.37
-8.67,NaN,NaN,-5.52,NaN,-3.93,NaN,NaN,-0.969999999999999,0,1.83,3.25,NaN,5.82,7.83,12.23,17.37
-8.67,NaN,NaN,-5.5,NaN,-3.97,NaN,NaN,NaN,0.199999999999999,1.7,3.16,NaN,5.82,7.83,12.23,17.37
-8.66,-7.87,-6.36,-5.47,NaN,-4.08,-2.9,NaN,NaN,0.140000000000001,1.73,NaN,NaN,5.82,7.83,12.23,17.37
-8.67,NaN,-6.37,-5.45,-4.83,NaN,NaN,-2.2,NaN,-0.0300000000000011,1.83,3.18,NaN,5.82,7.83,12.23,17.37
NaN,-7.86,-6.37,-5.51,-4.54,NaN,NaN,NaN,NaN,-0.0799999999999983,1.66,3.09,4.14,5.82,7.83,12.23,17.37
-8.66,-7.87,-6.37,-5.54,NaN,NaN,-3.04,NaN,-1.04,0.0999999999999979,1.63,NaN,4.21,5.82,7.83,12.23,17.37
-8.66,-7.87,-6.36,-5.45,-4.73,NaN,-3.3,NaN,NaN,0.0399999999999991,1.66,3.31,NaN,5.82,7.83,NaN,17.37
NaN,NaN,-6.36,-5.44,-4.32,NaN,-2.83,NaN,-1.02,0.169999999999998,1.71,3.25,NaN,NaN,7.83,12.23,17.37
NaN,-7.86,NaN,-5.51,-4.78,NaN,-3.21,NaN,NaN,0.210000000000001,1.71,NaN,3.91,5.82,7.83,12.23,17.37
NaN,NaN,-6.37,-5.42,NaN,-4.3,NaN,NaN,NaN,0.120000000000001,NaN,3.29,3.96,5.82,NaN,NaN,NaN
NaN,-7.86,-6.37,-5.45,-4.61,NaN,NaN,NaN,NaN,0.169999999999998,1.76,NaN,3.95,NaN,7.83,NaN,17.37
NaN,NaN,NaN,-5.51,NaN,-3.94,NaN,NaN,-1.03,0.0700000000000003,2,NaN,NaN,NaN,7.83,12.23,17.37
NaN,NaN,-6.37,-5.46,NaN,-3.87,NaN,-2.67,NaN,-0.0700000000000003,1.67,NaN,NaN,NaN,NaN,12.23,NaN
-8.67,NaN,-6.37,-5.44,NaN,-4.24,NaN,-2.22,-1.36,-0.0500000000000007,1.82,3.14,NaN,NaN,7.83,NaN,17.37
NaN,-7.86,-6.37,-5.52,NaN,NaN,-3.01,NaN,NaN,-0.00999999999999801,1.72,3.13,NaN,5.82,7.83,12.23,17.37
-8.67,NaN,-6.36,-5.45,NaN,-3.7,NaN,NaN,NaN,0.149999999999999,1.58,3.26,NaN,NaN,7.83,12.23,17.37
-8.67,NaN,NaN,-5.5,NaN,NaN,NaN,NaN,NaN,-0.0700000000000003,1.56,NaN,4.2,5.82,NaN,12.23,NaN
NaN,-7.86,-6.36,-5.46,-4.8,NaN,-3.06,NaN,-1.08,0.57,1.69,NaN,NaN,NaN,7.83,NaN,17.37
NaN,-7.86,NaN,NaN,-4.69,-4.01,NaN,NaN,-0.960000000000001,0.169999999999998,1.6,NaN,NaN,NaN,7.83,NaN,17.37
-8.65,-7.87,-6.36,-5.46,-4.6,NaN,NaN,NaN,-0.73,0.349999999999998,1.75,3.32,4.34,5.82,7.83,12.23,17.37
NaN,-7.86,NaN,-5.45,-4.67,NaN,NaN,NaN,NaN,0.190000000000001,1.72,NaN,4.07,5.82,7.83,12.23,17.37
-8.67,NaN,-6.36,-5.49,NaN,-3.97,NaN,NaN,NaN,0.109999999999999,1.87,3.16,3.81,NaN,7.83,12.23,17.37
-8.67,NaN,-6.37,-5.44,NaN,NaN,-3.07,NaN,-1.01,-0.0199999999999996,1.77,NaN,3.94,5.82,NaN,NaN,NaN
-8.67,NaN,NaN,-5.44,NaN,-3.82,NaN,NaN,NaN,0.140000000000001,1.77,3.15,NaN,NaN,NaN,12.23,NaN
NaN,NaN,NaN,NaN,-4.86,NaN,NaN,NaN,NaN,0.0199999999999996,1.71,NaN,4.23,NaN,7.83,12.23,17.37
NaN,-7.86,-6.37,-5.46,-4.66,NaN,NaN,NaN,-0.989999999999998,0.210000000000001,1.8,3.43,NaN,5.82,7.83,12.23,17.37
-8.67,NaN,NaN,-5.44,NaN,-4.11,-3.36,NaN,-0.859999999999999,0.0999999999999979,1.7,NaN,NaN,5.82,7.83,NaN,17.37
NaN,-7.86,-6.37,-5.54,-4.58,NaN,-2.88,NaN,NaN,0.359999999999999,1.7,3.15,NaN,NaN,NaN,12.23,NaN
NaN,-7.86,NaN,-5.47,-4.48,NaN,NaN,NaN,-0.629999999999999,0.219999999999999,1.67,3.23,NaN,NaN,7.83,12.23,17.37
-8.66,-7.87,-6.37,NaN,-4.61,NaN,-3.07,-2.21,-1.11,0.169999999999998,1.81,3.24,NaN,5.82,7.83,NaN,17.37
NaN,-7.86,NaN,NaN,NaN,-4.04,-3.28,NaN,-1,0.0199999999999996,1.82,NaN,NaN,5.82,7.83,12.23,17.37
-8.66,-7.87,-6.36,-5.48,-4.71,-4.01,NaN,-2.13,NaN,0.440000000000001,1.79,NaN,NaN,5.82,7.83,NaN,17.37
-8.67,NaN,-6.37,-5.5,NaN,-4.16,-3.01,NaN,-1.07,0.280000000000001,1.68,3.03,4.27,5.82,7.83,12.23,17.37
-8.66,-7.87,-6.36,-5.5,NaN,-4.1,-3.02,NaN,NaN,0.0999999999999979,1.98,NaN,3.93,NaN,NaN,12.23,NaN
-8.67,NaN,-6.36,-5.48,NaN,-4.18,NaN,NaN,NaN,0.129999999999999,1.67,3.07,NaN,5.82,NaN,12.23,NaN
NaN,NaN,-6.37,-5.47,NaN,-4.25,-3.01,NaN,NaN,0.25,1.79,NaN,4.01,5.82,7.83,NaN,17.37
NaN,-7.86,-6.36,-5.46,NaN,-3.97,-2.76,NaN,NaN,0.0700000000000003,1.62,3.2,NaN,NaN,7.83,NaN,17.37
NaN,-7.86,NaN,-5.49,-4.77,NaN,-3.33,NaN,-0.919999999999998,0.0799999999999983,1.7,3.18,4.16,NaN,7.83,12.23,17.37
-8.66,-7.87,-6.37,NaN,NaN,-3.86,-3.12,NaN,-0.989999999999998,0.169999999999998,1.67,3.29,NaN,5.82,7.83,NaN,17.37
-8.66,-7.87,NaN,-5.46,NaN,-3.84,NaN,-2.27,NaN,0.109999999999999,1.66,NaN,4.29,NaN,NaN,12.23,NaN
NaN,-7.86,NaN,-5.49,-4.69,NaN,-3.29,NaN,NaN,0.309999999999999,1.66,NaN,4.21,5.82,7.83,12.23,17.37
-8.66,-7.87,NaN,-5.46,-4.75,-3.71,NaN,NaN,-0.969999999999999,0.0199999999999996,1.68,NaN,3.97,5.82,NaN,NaN,NaN
NaN,NaN,NaN,-5.51,NaN,-4.06,NaN,NaN,NaN,0.289999999999999,1.68,NaN,NaN,5.82,7.83,12.23,17.37
-8.67,NaN,-6.37,-5.44,NaN,-4.09,-3.19,NaN,NaN,0.210000000000001,NaN,3.14,4.28,NaN,7.83,NaN,17.37
-8.67,NaN,-6.37,-5.42,NaN,NaN,NaN,NaN,-0.969999999999999,0.0899999999999999,1.76,3.29,NaN,NaN,7.83,NaN,17.37
-8.67,NaN,-6.37,-5.47,NaN,-4.06,NaN,NaN,NaN,0.27,1.65,3.13,3.92,5.82,7.83,12.23,17.37
NaN,NaN,-6.36,-5.47,NaN,-3.92,-2.73,NaN,NaN,0.129999999999999,NaN,3.32,NaN,NaN,7.83,12.23,17.37
-8.66,-7.87,-6.37,NaN,-4.59,-3.93,-2.72,NaN,NaN,-0.00999999999999801,1.62,NaN,4.16,NaN,NaN,NaN,NaN
NaN,-7.86,-6.37,-5.5,-4.54,NaN,-2.98,NaN,NaN,0.0799999999999983,1.69,3.2,NaN,5.82,NaN,NaN,NaN
-8.67,NaN,-6.37,-5.47,NaN,NaN,-2.97,NaN,NaN,0.27,1.75,3.3,NaN,NaN,NaN,12.23,NaN
-8.66,-7.87,-6.37,-5.38,-4.66,NaN,-3.34,NaN,NaN,0.00999999999999801,1.59,3.33,NaN,5.82,NaN,NaN,NaN
NaN,NaN,-6.37,-5.47,NaN,-4.01,NaN,NaN,NaN,0.289999999999999,1.77,3.3,NaN,5.82,7.83,12.23,17.37
-8.67,NaN,NaN,-5.49,-4.8,NaN,-3.23,NaN,-1.01,0.16,1.85,NaN,NaN,5.82,NaN,12.23,NaN
-8.66,-7.87,NaN,-5.45,-4.76,NaN,-3.39,NaN,NaN,0.109999999999999,1.75,NaN,3.92,5.82,7.83,NaN,17.37
NaN,-7.86,NaN,-5.39,-4.72,NaN,NaN,NaN,NaN,0.00999999999999801,1.72,3.12,4.26,NaN,7.83,12.23,17.37
-8.64,-7.87,-6.37,-5.5,-4.67,-3.98,-2.91,NaN,NaN,0.27,1.7,3.27,NaN,NaN,NaN,NaN,NaN
NaN,-7.86,-6.37,-5.46,NaN,NaN,-3.09,NaN,NaN,0.120000000000001,1.66,3.38,NaN,5.82,7.83,NaN,17.37
-8.67,NaN,-6.37,-5.55,NaN,NaN,-3.01,-2.14,NaN,0.16,1.7,3.1,NaN,NaN,7.83,12.23,17.37
