NaN,-6.5,-6,-4.61,-4.04,-2.21,-0.690000000000001,0.0999999999999979,0.989999999999998,2.37,3.67,4.98,5.43,7.08,8.03,8.97
NaN,-6.68,NaN,NaN,-3.84,-2.09,-0.800000000000001,0.120000000000001,0.870000000000001,2.69,NaN,4.52,NaN,6.69,8.15,9
-8,-6.87,NaN,NaN,-3.65,NaN,NaN,0.18,1,2.38,4.02,4.92,5.47,7.1,7.96,9.03
-8,NaN,-5.91,-4.51,-3.72,NaN,-1.03,-0.0199999999999996,NaN,1.99,NaN,NaN,5.58,6.98,8.26,NaN
-7.78,-6.74,NaN,NaN,-3.87,-2.06,-1.1,0.0599999999999987,0.969999999999999,2,3.58,NaN,5.56,7.2,8.07,9.05
NaN,-6.98,-5.88,NaN,-3.82,-2.11,-0.98,0.0899999999999999,NaN,2.31,NaN,4.93,NaN,6.95,8.12,NaN
-7.76,-6.72,-5.89,-4.33,NaN,-2.08,NaN,0.0799999999999983,NaN,2.6,3.63,NaN,5.52,7.3,8.2,9.02
-8,-6.37,NaN,-4.11,NaN,-2.09,-0.890000000000001,0.0300000000000011,1.04,2.33,3.56,4.74,5.74,7.1,8.07,NaN
NaN,-6.63,-5.87,-4.72,NaN,-2.1,-0.699999999999999,0.0799999999999983,NaN,2.43,3.43,NaN,5.52,6.88,8.41,9.02
NaN,-6.65,-6,NaN,-3.91,-2.26,-1.03,-0.0399999999999991,NaN,2.3,3.32,NaN,5.58,7.15,8.06,8.86
-7.53,-6.32,NaN,NaN,-3.52,-2.37,-0.669999999999998,0.0300000000000011,NaN,2.25,3.61,NaN,5.45,6.99,8.1,8.88
-8,NaN,-6.01,NaN,-3.84,-2.21,-0.849999999999998,NaN,0.91,2.19,4.15,4.95,NaN,7.25,NaN,8.75
NaN,NaN,-6.29,NaN,-3.89,-2.33,NaN,0.18,NaN,2.5,NaN,4.8,5.65,6.91,8.2,9.05
NaN,-6.8,NaN,NaN,-3.91,-2.66,-0.829999999999998,NaN,NaN,2.49,3.68,4.69,5.55,7.19,8.13,9.04
-7.92,NaN,-5.83,NaN,-3.75,-2.37,-0.849999999999998,0.140000000000001,NaN,2.34,3.75,4.94,5.44,6.89,8.35,NaN
-8,NaN,-6.16,NaN,-3.86,-1.8,-0.789999999999999,-0.0199999999999996,NaN,2.19,3.9,NaN,5.61,6.89,8.07,NaN
-7.8,-6.46,NaN,NaN,-3.83,-2.39,-1,0.0599999999999987,NaN,2.25,NaN,NaN,5.59,7.15,8.08,NaN
-7.8,-6.62,-6.05,-4.58,-3.72,-2.42,-0.77,-0.0399999999999991,1,2,NaN,4.93,5.68,6.75,8.29,NaN
-7.59,-6.99,-5.93,NaN,NaN,NaN,-0.899999999999999,0.359999999999999,NaN,1.87,3.63,NaN,5.59,7.09,8.15,8.93
NaN,-6.67,NaN,NaN,NaN,NaN,NaN,0.0199999999999996,0.879999999999999,2.42,3.9,NaN,5.38,6.83,8.07,NaN
-8,NaN,-6.12,-4.31,NaN,-1.93,-0.829999999999998,NaN,NaN,2.02,3.94,4.73,5.66,6.63,7.93,9.06
-7.95,-6.91,-5.95,-4.56,-3.81,-2.01,-0.890000000000001,-0.18,NaN,2.39,NaN,NaN,NaN,7.24,NaN,9.05
-8,-6.52,NaN,NaN,-3.82,-2.08,NaN,0.0300000000000011,0.949999999999999,2.26,3.59,5.07,NaN,7.03,8.07,9.05
-8,NaN,-5.95,NaN,-4.03,-2.24,-0.870000000000001,NaN,0.969999999999999,2.39,4.07,NaN,5.63,7.05,NaN,8.76
-7.63,-6.71,NaN,NaN,-3.78,-2.03,-0.789999999999999,0,0.98,2.31,NaN,NaN,5.58,7.08,8.18,NaN
-7.68,-6.86,NaN,NaN,NaN,-1.78,NaN,0.239999999999998,NaN,2.16,3.67,4.87,5.64,6.98,8.05,9.01
NaN,NaN,-6.03,-4.73,-3.72,-1.74,-0.800000000000001,0.16,NaN,2.3,3.68,NaN,5.61,7.18,7.99,NaN
NaN,NaN,-6.01,NaN,NaN,NaN,-0.699999999999999,0.16,0.940000000000001,2.29,3.99,4.99,NaN,6.98,8.13,8.8
-7.7,-7.04,-6.03,-4.35,NaN,-2.12,-0.789999999999999,0.0500000000000007,NaN,2.36,3.82,NaN,5.65,6.74,8.42,9.04
-7.76,-6.54,-5.91,-4.57,NaN,-2.16,-0.719999999999999,0.0500000000000007,0.870000000000001,2.33,4.08,NaN,5.85,7.06,NaN,9.06
-7.89,-6.69,NaN,-4.44,-3.48,NaN,-0.73,0.109999999999999,NaN,2.43,3.39,4.87,5.6,7.15,NaN,9.03
-7.93,-6.32,NaN,NaN,-3.65,-2.07,-0.649999999999999,0.0799999999999983,1.08,2.21,3.33,4.95,5.87,6.98,8.02,8.98
-7.88,-6.97,-5.89,-4.47,NaN,-2.12,-0.829999999999998,-0.0799999999999983,NaN,2.09,3.63,4.49,5.56,7.15,8.13,9.01
NaN,-6.94,-5.96,-4.55,-3.81,NaN,NaN,NaN,NaN,2.35,4.1,4.86,5.56,7.02,8.27,NaN
-8,NaN,-6.31,-4.3,NaN,-1.97,NaN,0.190000000000001,NaN,2.33,3.96,NaN,5.56,7.01,8.2,9.05
-7.93,-6.45,NaN,-4.47,NaN,-2.18,-0.870000000000001,0.0899999999999999,0.940000000000001,2.51,NaN,4.92,5.66,7.07,8.11,NaN
NaN,NaN,-5.94,NaN,-4.09,-2.23,-0.759999999999998,0.0899999999999999,NaN,2.44,3.9,NaN,5.53,6.88,8.35,8.99
-7.78,-6.41,NaN,NaN,-3.76,NaN,-0.870000000000001,0.00999999999999801,NaN,2.08,NaN,NaN,NaN,7,8.09,9.05
-7.57,NaN,-6.26,-4.11,NaN,-2.07,-0.739999999999998,0.0399999999999991,NaN,2.43,3.29,5,5.94,7.23,NaN,8.88
NaN,NaN,-6.05,NaN,-3.63,-1.72,-0.84,0.00999999999999801,1.06,2.29,3.83,NaN,5.62,7.18,8.17,NaN
NaN,-6.65,-5.93,-4.44,-3.38,-2.15,-0.960000000000001,0.0300000000000011,NaN,2.34,3.46,NaN,5.44,6.92,8.11,NaN
-8,-6.36,NaN,-4.46,-3.32,-2.17,-0.759999999999998,-0.0599999999999987,1.04,2.24,3.4,4.56,5.55,6.88,NaN,8.79
-7.92,-6.51,NaN,NaN,-3.79,-2.08,-0.719999999999999,NaN,0.940000000000001,2.29,4.16,4.9,5.66,6.99,8.06,NaN
NaN,NaN,-6.07,NaN,-3.63,-2.31,-0.879999999999999,0.0599999999999987,0.940000000000001,2.26,3.81,4.95,5.6,7.31,NaN,9.02
-8,-6.35,NaN,NaN,-3.75,-2.3,-0.719999999999999,0.0799999999999983,NaN,1.91,3.89,4.86,5.62,7.23,8.02,8.97
-7.8,-6.93,NaN,NaN,-3.77,-2.62,-0.73,0.129999999999999,NaN,2.11,3.68,4.83,5.53,6.87,8.06,8.83
-7.92,NaN,-5.93,-4.45,-3.69,-2.64,NaN,0.0199999999999996,NaN,2.29,NaN,4.98,NaN,7.04,8.11,9.01
-8,-6.64,-5.95,NaN,-3.75,-2.18,-0.84,NaN,0.940000000000001,2.34,NaN,4.7,NaN,7.02,8.1,NaN
NaN,-6.39,NaN,-4.77,-3.88,NaN,-0.609999999999999,0.0500000000000007,NaN,2.35,NaN,NaN,6.07,7.02,8.06,NaN
-7.58,-6.96,-5.95,NaN,-3.74,-2.13,-0.84,0.140000000000001,0.829999999999998,2.5,3.45,NaN,5.59,NaN,8.15,NaN
NaN,NaN,-6.1,NaN,-3.77,-2.52,-0.75,0.0399999999999991,0.899999999999999,2.13,3.99,NaN,5.71,7.25,7.99,9.06
NaN,-6.37,NaN,NaN,-3.74,-1.72,-1.05,0.149999999999999,NaN,2.43,4.06,NaN,5.59,7.14,8.09,8.9
-8,-6.57,NaN,-4.56,NaN,-2.14,-0.710000000000001,0.00999999999999801,NaN,2.38,NaN,4.9,5.64,7.09,NaN,9.06
-7.95,-6.67,-5.93,-4.48,NaN,-1.99,-0.809999999999999,0.0599999999999987,0.879999999999999,2.25,3.71,4.91,5.6,6.91,8.06,9.06
-8,-6.39,NaN,NaN,NaN,NaN,-0.739999999999998,0.120000000000001,1.02,2.38,3.92,4.93,5.62,6.74,8.32,NaN
-8,NaN,-6.24,NaN,-3.87,NaN,-1.02,-0.0399999999999991,NaN,2.42,3.56,5.07,5.64,7.27,8.15,9
-7.76,-6.55,NaN,-4.58,-3.54,-2.63,-0.669999999999998,0.0199999999999996,NaN,2.36,3.87,NaN,5.57,7.24,NaN,8.89
NaN,-6.78,-5.87,NaN,-3.77,-1.72,-0.620000000000001,0.109999999999999,NaN,2.22,4.08,NaN,5.48,6.86,8.04,8.94
-7.76,-6.67,NaN,NaN,-3.8,-2.09,NaN,0.169999999999998,0.93,2.3,NaN,NaN,5.55,6.99,NaN,8.71
-8,-6.67,NaN,NaN,-3.89,-2.08,-0.559999999999999,0.0799999999999983,0.960000000000001,2.27,3.61,5.03,5.49,7.16,8.13,NaN
NaN,NaN,-6.1,-4.52,NaN,NaN,-0.719999999999999,0.18,1.06,2.41,3.5,4.88,NaN,7.29,7.97,9.06
NaN,-6.94,NaN,NaN,-3.91,-2.03,-0.870000000000001,NaN,NaN,2.27,3.35,NaN,5.56,7.15,8.22,NaN
-7.6,-6.82,NaN,NaN,-3.71,NaN,-0.550000000000001,NaN,1.02,2.26,3.64,NaN,5.9,7.23,8.09,9.05
-7.57,-6.6,NaN,-4.49,NaN,-2,-0.969999999999999,0.0599999999999987,NaN,2.3,3.49,4.94,NaN,7.22,8.09,9.05
-8,NaN,-6.04,NaN,-3.6,-2.18,-0.91,0.140000000000001,NaN,1.97,3.46,4.97,NaN,6.91,8.11,9
NaN,-6.55,-5.86,NaN,NaN,NaN,-0.879999999999999,0.0999999999999979,NaN,2.37,3.8,NaN,5.51,7.01,8.35,NaN
NaN,NaN,-6.06,-4.56,-3.89,-1.99,-0.609999999999999,0.0599999999999987,NaN,2.25,NaN,4.45,NaN,6.77,8.1,8.97
-7.57,NaN,-6.05,-4.58,-4.03,NaN,-0.859999999999999,0.0199999999999996,NaN,2.23,NaN,4.69,5.82,6.89,NaN,8.9
-7.92,NaN,-6.03,-4.35,NaN,-2.14,NaN,-0.0300000000000011,NaN,2.29,NaN,NaN,5.6,7.17,8.16,NaN
-8,NaN,-6.21,NaN,NaN,-2.13,-0.759999999999998,NaN,0.82,2.15,4.06,4.86,5.66,6.68,8.15,NaN
NaN,-7.03,-5.9,-4.58,NaN,-2.14,-0.719999999999999,0.0599999999999987,NaN,1.88,3.7,NaN,5.67,7.2,8.09,NaN
-8,-6.5,NaN,-4.43,NaN,-2.11,NaN,0.129999999999999,NaN,2.41,3.77,NaN,5.51,7,8.07,9.02
-8,NaN,-6.27,NaN,-3.82,-2.24,-0.710000000000001,NaN,0.969999999999999,2.45,NaN,NaN,5.61,7.03,8.11,NaN
-8,NaN,-5.97,-4.44,NaN,-2.01,-0.780000000000001,-0.0500000000000007,1.14,2.34,3.86,4.92,NaN,6.88,8.39,NaN
NaN,-6.85,NaN,-4.36,-3.47,-2.06,-0.91,NaN,NaN,1.96,4.17,NaN,5.64,7.2,8.2,NaN
-8,NaN,-5.9,NaN,-3.71,-2.3,-0.940000000000001,NaN,0.890000000000001,2.33,NaN,4.68,5.53,7,8.07,9.06
-7.93,-6.65,-6.06,-4.63,-3.89,-1.79,-0.73,NaN,NaN,2.4,3.7,4.95,5.58,7.14,8.1,NaN
NaN,NaN,-6.02,-4.4,-3.66,-2.34,-0.82,0.300000000000001,0.800000000000001,2.07,NaN,4.51,5.48,6.67,8.13,8.97
NaN,-6.85,NaN,NaN,-3.84,NaN,-0.57,NaN,NaN,2.3,3.96,4.98,NaN,7.33,8.09,9
-7.76,-6.68,NaN,NaN,-3.52,-2.1,-0.789999999999999,0.18,NaN,2.3,3.96,4.8,5.77,7.01,8.12,NaN
-8,NaN,-6.05,-4.57,-3.7,-2.29,-0.829999999999998,0.0199999999999996,NaN,2.35,4.06,4.95,NaN,7.01,8.29,NaN
NaN,-6.64,-5.91,NaN,-3.74,-2.3,-0.68,-0.0199999999999996,0.949999999999999,2.3,4.2,NaN,5.74,7.25,8.2,9.01
NaN,-6.8,-5.79,-4.6,NaN,-2.15,-0.77,0.140000000000001,NaN,2.48,3.65,NaN,5.62,6.86,8.19,9.01
-8,NaN,-5.83,NaN,-3.72,-2.2,-1.02,0.18,NaN,2.23,3.34,5.02,NaN,7.06,8.18,NaN
NaN,-6.87,-6.31,NaN,-3.81,-2.12,NaN,0.169999999999998,NaN,2.51,3.53,5.03,5.57,7.23,8.2,9.05
-7.57,-6.79,NaN,NaN,-3.65,-2.14,-0.829999999999998,0.0899999999999999,NaN,2.36,NaN,4.79,NaN,6.59,8.18,NaN
NaN,NaN,-6.16,NaN,-3.84,-2.22,-0.75,-0.00999999999999801,NaN,2.21,3.75,NaN,5.81,7.11,NaN,NaN
-7.92,NaN,-6.02,NaN,-3.8,-1.98,-0.870000000000001,0.109999999999999,0.879999999999999,2.26,4.06,NaN,5.6,6.94,8.13,8.96
NaN,-6.89,-6.07,-4.53,-3.45,-2.03,NaN,0.18,0.989999999999998,2.25,3.72,4.77,NaN,6.9,8.16,9.03
-7.95,-6.91,-5.92,NaN,-3.51,-2.66,-0.690000000000001,0.0599999999999987,0.960000000000001,2.26,3.47,NaN,5.35,6.94,8.07,NaN
-7.95,NaN,-6.22,-4.34,-3.63,-2.19,NaN,0.169999999999998,0.879999999999999,2.2,NaN,5.02,5.53,7.2,NaN,8.9
-7.56,-6.59,NaN,-4.13,NaN,-1.85,-0.870000000000001,-0.0300000000000011,NaN,2.52,NaN,NaN,5.47,6.89,NaN,8.8
NaN,NaN,-6.07,NaN,-3.81,-2.43,-0.640000000000001,0.00999999999999801,NaN,2.12,3.98,4.96,5.56,NaN,NaN,8.69
NaN,-6.38,NaN,NaN,NaN,-2.63,NaN,0.0999999999999979,0.91,2.35,3.91,4.89,5.92,7.2,8.04,9.01
-8,-6.59,NaN,NaN,-4.05,-2.08,-0.669999999999998,0.120000000000001,NaN,2.31,3.56,NaN,5.5,7.08,8.06,9.06
-7.57,NaN,-5.9,NaN,-3.63,-2.06,-0.870000000000001,0.0300000000000011,NaN,2.32,NaN,NaN,NaN,6.86,8.09,8.97
-7.56,-6.66,NaN,NaN,-3.82,-2.27,-0.66,0.16,NaN,2.27,4.07,NaN,NaN,7.23,8.19,NaN
NaN,-6.36,-5.87,NaN,-3.7,-2.21,-0.789999999999999,0.00999999999999801,0.91,2.27,3.39,NaN,5.59,6.78,8.19,8.9
-7.76,-6.96,-5.81,NaN,-3.55,-2.02,-0.879999999999999,0.199999999999999,1.11,2.33,4.06,NaN,NaN,7.18,8.05,9.06
-7.93,NaN,-5.94,NaN,-3.63,-2.09,-0.949999999999999,0.0500000000000007,NaN,2.66,3.74,NaN,5.49,7.1,7.93,8.9
-7.8,-6.61,NaN,-4.44,NaN,NaN,-0.879999999999999,0.0599999999999987,NaN,2.38,3.78,NaN,5.94,7.07,8.26,NaN
-8,-6.53,NaN,-4.52,-3.87,NaN,NaN,NaN,NaN,2.47,NaN,NaN,5.6,7.23,8.05,9.06
-7.57,NaN,-5.89,-4.59,-3.71,-2.42,-0.759999999999998,0.149999999999999,NaN,2.22,3.86,NaN,5.89,7.24,8.16,NaN
-8,-6.5,NaN,-4.44,NaN,NaN,-0.919999999999998,0.0799999999999983,0.899999999999999,2.44,3.45,4.81,NaN,7.25,7.98,9.06
-7.96,NaN,-6.03,NaN,-3.75,-2.07,NaN,0.23,0.969999999999999,2.18,4.12,NaN,5.55,7.32,8.2,9.02
NaN,-7.06,-6.12,-4.47,-3.94,NaN,-0.890000000000001,0.0500000000000007,1.05,2.41,3.7,NaN,5.59,7,8.14,8.95
NaN,-6.72,-6.19,NaN,-3.9,-2.09,-0.919999999999998,0.109999999999999,0.93,2.47,3.91,4.85,5.79,6.89,7.92,8.9
-7.93,-6.98,-5.85,-4.53,NaN,-2.17,-0.649999999999999,-0.0500000000000007,NaN,2.3,3.78,4.87,5.55,6.7,NaN,8.65
-8,-6.38,NaN,-4.53,NaN,-2.12,-0.890000000000001,0.0999999999999979,0.940000000000001,2.33,4.17,4.98,NaN,7.03,8.05,NaN
-8,NaN,-6.06,-4.13,NaN,-2.09,NaN,0.0899999999999999,1.04,2.33,3.51,NaN,5.36,6.76,8.08,8.97
NaN,-6.44,NaN,-4.44,-3.58,-2.13,-0.870000000000001,0.16,0.890000000000001,2.02,NaN,5.02,NaN,6.77,8.15,NaN
NaN,-6.79,-5.96,NaN,-3.74,-2.21,NaN,0.0899999999999999,1.03,2.48,3.76,NaN,5.52,7.07,8.18,8.97
NaN,-6.74,NaN,NaN,-3.62,-2.54,-0.91,-0.0700000000000003,NaN,2.42,3.67,4.94,5.55,7.14,8.1,8.95
-7.92,-6.72,-6.08,NaN,-3.83,-2.38,-0.75,-0.0300000000000011,NaN,1.99,3.64,4.88,5.61,7.21,8.01,9.01
NaN,-6.85,-6.26,-4.52,-3.82,-2.52,-0.870000000000001,NaN,NaN,2.34,3.3,NaN,5.47,6.56,NaN,8.72
NaN,NaN,-6.22,NaN,-3.97,-2.16,-0.75,0.149999999999999,NaN,2.24,3.34,4.99,5.51,7.21,7.94,8.71
-8,NaN,-6.08,NaN,-3.93,-2.18,-0.669999999999998,0.0799999999999983,NaN,2.24,3.69,NaN,5.71,7.14,8.12,NaN
-7.53,-6.58,NaN,NaN,-3.36,-2.1,-0.66,0.129999999999999,NaN,2.14,4.23,4.99,NaN,7.2,8.11,8.9
-8,NaN,-5.95,NaN,-3.78,-1.75,-0.859999999999999,0.129999999999999,0.800000000000001,2.18,3.82,4.88,5.86,NaN,8.03,NaN
-8,-7.03,-6,NaN,-3.94,-2.26,-0.739999999999998,-0.219999999999999,0.91,2.43,3.66,4.93,NaN,7.36,8.18,9
NaN,-6.7,NaN,NaN,NaN,NaN,-0.620000000000001,-0.0199999999999996,NaN,NaN,NaN,4.57,5.53,7.27,8.08,9.05
-7.96,-6.53,-5.93,NaN,-3.87,-1.82,-0.940000000000001,0.0700000000000003,NaN,2.3,NaN,NaN,5.49,6.91,8.19,NaN
-8,-6.43,-5.86,NaN,-3.71,-2.17,-0.84,0.109999999999999,NaN,2.23,NaN,4.94,NaN,7.09,8.07,9.06
-7.49,-6.94,-5.86,NaN,-3.58,NaN,-0.640000000000001,0.0799999999999983,0.91,2.3,3.7,NaN,5.42,7.21,8.18,8.81
NaN,-6.82,-6.02,NaN,-4,-2.13,-0.829999999999998,0.140000000000001,0.949999999999999,2.28,3.36,NaN,5.58,7.19,8.05,8.98
NaN,-6.94,-5.94,-4.51,-3.57,-2.25,-0.899999999999999,-0.0399999999999991,1.05,2.47,3.45,NaN,5.55,7.02,8.15,NaN
-8,NaN,-5.94,-4.85,-3.33,-2.05,-0.82,0.0700000000000003,0.739999999999998,1.84,3.62,4.49,5.95,7.01,8.11,NaN
NaN,NaN,-6.22,NaN,-3.87,-2.18,-0.77,0,1.04,2.31,3.64,NaN,5.73,6.77,8.08,9.05
-7.66,-6.67,NaN,-4.65,-3.67,-2.47,-0.859999999999999,NaN,NaN,2.54,3.76,NaN,NaN,6.99,8.47,9.05
-7.8,NaN,-6.16,-4.41,-3.95,-2.16,NaN,NaN,NaN,2.49,4.05,NaN,NaN,7.08,8.11,8.78
NaN,-6.76,-5.9,-4.57,NaN,-2.24,-0.849999999999998,0.0899999999999999,1.04,2.28,3.76,5,5.57,6.98,8.27,NaN
-7.6,-6.73,-5.92,-4.46,NaN,-2.08,-0.940000000000001,0.190000000000001,1.09,2.21,4.17,4.9,5.59,7.02,8.22,NaN
NaN,-6.41,-5.98,-4.59,-3.79,NaN,-0.93,0.0199999999999996,NaN,1.99,3.64,NaN,5.6,7.22,8.21,8.94
-8,NaN,-6.03,NaN,-3.65,-2.26,-0.719999999999999,NaN,0.960000000000001,2.27,3.53,NaN,NaN,6.88,8.07,8.97
NaN,NaN,-5.95,NaN,-3.81,-2.13,-0.579999999999998,0.210000000000001,NaN,2.32,3.41,4.9,5.79,NaN,8.12,NaN
-7.93,NaN,-6.13,-4.56,-3.86,-2.19,-0.719999999999999,0.0500000000000007,NaN,2.22,3.66,4.77,NaN,6.9,8.08,NaN
NaN,-6.93,-5.85,NaN,NaN,-2.63,NaN,NaN,0.91,2.21,4.08,NaN,5.6,7.23,NaN,9.02
NaN,-6.53,NaN,NaN,NaN,NaN,NaN,-0.0599999999999987,NaN,2.31,3.84,NaN,5.65,7.08,8.36,9.05
-7.89,-6.7,-6.01,NaN,-3.77,-2.08,-0.75,0.0500000000000007,NaN,1.89,NaN,NaN,NaN,7.19,8.1,9.05
-8,-6.57,NaN,-4.73,-3.63,-2.09,-0.789999999999999,0.0199999999999996,0.960000000000001,2.47,NaN,4.76,NaN,6.76,8.01,8.98
NaN,-6.64,NaN,-4.56,NaN,-1.93,-0.640000000000001,0.0899999999999999,NaN,1.92,3.72,4.9,5.68,7.25,8,8.98
-8,NaN,-5.99,NaN,-3.74,-2.07,-0.829999999999998,-0.0599999999999987,NaN,2.17,3.63,NaN,6.07,7.05,8.03,9.06
-7.62,-6.91,-5.97,NaN,-3.69,-2.32,-0.609999999999999,0.27,NaN,2.22,4.03,5.03,5.67,7.06,8.13,9.04
NaN,NaN,-5.93,NaN,-3.88,-2.21,NaN,0.0500000000000007,NaN,NaN,3.67,4.92,5.84,7.23,8.11,NaN
-8,-6.41,-5.86,-4.57,NaN,-2.21,-0.599999999999998,0.120000000000001,NaN,2.48,3.89,NaN,5.59,6.7,8.35,NaN
NaN,NaN,-5.93,NaN,-3.73,-2.03,-0.91,0.140000000000001,0.870000000000001,2.24,4.05,NaN,6.04,NaN,8.15,9.05
NaN,-6.63,-5.97,-4.59,-3.75,-2.08,-0.829999999999998,NaN,NaN,2.39,NaN,5,NaN,6.69,8.26,NaN
-8,-6.53,-5.82,NaN,-3.31,-2.34,-0.59,0.0799999999999983,NaN,2.31,3.47,5.12,5.51,7.15,8.07,9.05
-8,-6.54,-5.89,NaN,-3.6,-2.19,-0.629999999999999,-0.0599999999999987,NaN,2.34,3.57,4.87,NaN,7.15,8.13,NaN
-7.57,-6.71,-5.97,-4.48,-3.87,-2.06,-0.84,0.0999999999999979,NaN,2.34,4.13,NaN,5.5,7.31,8.02,9.06
-7.76,-6.78,-5.96,NaN,-3.85,-2.08,-0.82,0.0999999999999979,NaN,2.2,3.54,4.92,NaN,7.18,8.02,9.01
-7.57,NaN,-6.06,NaN,-3.74,NaN,-0.699999999999999,0.0300000000000011,0.899999999999999,2.27,NaN,4.71,NaN,6.93,8.04,8.87
NaN,-7.06,-5.84,NaN,-3.61,-2.4,NaN,0.0300000000000011,0.84,2.3,3.75,NaN,5.6,NaN,8.26,NaN
-7.76,-6.82,-6.13,-4.89,-3.85,-2.28,-0.98,-0.00999999999999801,NaN,2.1,NaN,NaN,6.01,7.27,8.13,9.03
NaN,-6.47,NaN,NaN,-3.82,NaN,NaN,0,NaN,2.39,3.66,4.69,5.59,6.94,8.21,NaN
-8,NaN,-6,NaN,-3.83,-2.26,-0.849999999999998,0.0999999999999979,0.77,2.23,4.04,NaN,NaN,6.87,8.03,9.02
-8,-6.71,-5.87,NaN,-3.82,-2.21,-1.06,0.25,NaN,NaN,NaN,4.94,NaN,6.94,8.13,9.02
-7.56,NaN,-5.97,NaN,-3.65,-2.25,-0.800000000000001,NaN,0.879999999999999,2.28,3.61,NaN,5.7,NaN,8.29,9.04
-7.76,-6.58,NaN,NaN,-3.76,-2.02,NaN,0.0599999999999987,0.82,2.64,3.84,NaN,5.55,7.27,8.23,NaN
NaN,-6.88,NaN,NaN,-3.75,NaN,NaN,0.0899999999999999,NaN,NaN,NaN,NaN,5.55,7.13,8.14,NaN
-7.92,-7.04,-5.88,-4.51,-3.64,-2.23,-0.75,-0.0300000000000011,0.849999999999998,2.33,4.15,NaN,5.58,7.06,8,9.05
-7.66,-6.47,NaN,-4.41,-3.81,-2.05,-0.780000000000001,-0.0500000000000007,NaN,2.31,3.29,4.88,NaN,7.23,8.02,9.06
NaN,-6.97,-5.89,NaN,-3.41,-2.34,-0.919999999999998,NaN,0.940000000000001,2.23,NaN,NaN,NaN,6.98,8.1,NaN
-7.62,-6.87,-5.92,-4.31,-3.75,-2.09,-0.719999999999999,0.16,0.949999999999999,2.2,3.38,NaN,5.9,7.19,8.23,NaN
-8,-6.56,-5.96,-4.51,-3.76,-2.29,-0.899999999999999,0.120000000000001,0.91,2.27,4.08,4.8,5.55,6.89,7.95,9.06
NaN,-6.66,NaN,NaN,-3.65,-2.11,-0.919999999999998,NaN,0.919999999999998,2.26,NaN,4.96,NaN,6.94,7.99,8.73
NaN,-6.8,-6.07,NaN,-3.42,-2.19,-0.690000000000001,-0.0199999999999996,0.940000000000001,2.36,4.11,NaN,5.63,7.31,8.18,9.05
-8,-6.49,NaN,-4.5,-3.64,-2.27,-0.719999999999999,0.0199999999999996,NaN,2.57,NaN,4.93,5.79,7.1,NaN,9.05
NaN,-7.03,-6.17,-4.4,-3.55,-2.05,-0.890000000000001,0.0599999999999987,NaN,2.3,4.12,NaN,NaN,7.24,NaN,8.98
-7.78,-6.84,NaN,-4.53,NaN,-2.31,-0.82,0.0899999999999999,NaN,2.4,3.69,5.06,NaN,7.04,8.17,NaN
-7.8,-6.5,NaN,NaN,-3.84,-2.23,-0.77,0.0700000000000003,1.05,2.32,3.49,NaN,5.52,7.24,7.99,9.05
-8,NaN,-6.07,NaN,-3.8,-2.08,-0.870000000000001,-0.0500000000000007,NaN,2.38,NaN,4.91,5.49,6.92,8.1,8.81
-8,NaN,-6.07,-4.34,NaN,-2.08,-0.719999999999999,0.129999999999999,NaN,2.44,3.86,5.03,NaN,6.87,8.21,NaN
-8,NaN,-6,-4.54,NaN,-2.02,-0.859999999999999,-0.0199999999999996,NaN,2.36,3.42,4.76,5.58,7.18,8.05,9.06
NaN,-6.36,NaN,NaN,NaN,NaN,NaN,0.120000000000001,NaN,2.22,3.63,NaN,NaN,6.94,8.04,9.06
-8,NaN,-6.08,-4.39,NaN,-2.27,-0.640000000000001,0.0899999999999999,NaN,2.47,4.13,4.86,5.57,7.04,8.06,9.06
NaN,NaN,-6.26,-4.41,NaN,-1.99,-0.849999999999998,-0.109999999999999,1.02,2.19,NaN,4.72,6.01,6.91,8.11,8.92
-7.92,-7.02,-6.17,NaN,-3.57,-2.13,-0.640000000000001,0.0700000000000003,NaN,2.23,3.94,4.97,NaN,7.25,8.07,8.95
-8,-6.59,-5.86,-4.64,-3.72,-2.48,-0.599999999999998,-0.0199999999999996,NaN,2.42,NaN,5.13,NaN,7.42,8,8.88
-7.57,-6.35,NaN,NaN,-3.9,NaN,NaN,0.140000000000001,0.890000000000001,NaN,NaN,NaN,5.4,7.05,8.08,9.06
NaN,-6.33,NaN,NaN,-3.79,-2.17,-1.01,NaN,NaN,2.46,3.98,4.96,5.5,7.08,8.05,9.01
-7.96,NaN,-6.05,NaN,-3.92,NaN,-0.739999999999998,0.0700000000000003,NaN,NaN,3.94,NaN,5.58,7.01,8.04,9.06
-8,NaN,-6.03,-4.57,NaN,-2.64,-0.800000000000001,0.0799999999999983,NaN,2.37,4.06,NaN,5.43,7.08,8.03,NaN
NaN,-6.63,NaN,-4.61,-3.65,NaN,-0.719999999999999,-0.0199999999999996,0.93,2.29,3.96,4.99,5.69,7.18,NaN,9.04
NaN,-6.37,NaN,NaN,-3.78,-2.13,NaN,NaN,0.919999999999998,2.22,3.92,4.95,5.58,7.15,8.09,8.76
NaN,NaN,-6.11,NaN,-4.08,-2.24,-0.829999999999998,0.0500000000000007,NaN,2.4,NaN,4.92,5.49,7.23,8.06,8.97
NaN,-6.54,NaN,NaN,-3.43,-1.97,-0.84,-0.140000000000001,NaN,2.2,3.74,NaN,5.61,7.06,8.3,8.94
-7.64,-7.03,-5.88,-4.4,NaN,-1.82,-0.800000000000001,0.0199999999999996,NaN,2.2,3.86,5.03,NaN,6.87,8.19,8.9
NaN,NaN,-5.93,-4.58,-3.86,-1.72,NaN,-0.0599999999999987,NaN,2.35,NaN,NaN,5.51,7.02,7.99,9.05
NaN,NaN,-5.97,NaN,-3.87,-2.23,NaN,0.210000000000001,NaN,2.28,3.89,4.9,5.51,6.85,7.98,8.98
-7.6,NaN,-6.22,-4.42,NaN,-2.01,-0.800000000000001,-0.0199999999999996,1.01,2.22,3.82,NaN,5.82,7.1,NaN,9.06
NaN,-6.82,-5.99,-4.58,-3.7,NaN,NaN,0.0899999999999999,NaN,2.29,3.56,4.89,NaN,7.2,8.01,9.06
-8,-6.57,NaN,NaN,-3.85,-2.11,NaN,0.149999999999999,NaN,2.33,3.56,4.53,5.45,6.84,8.3,9.04
-7.78,NaN,-6.06,NaN,-3.94,-2.23,-0.68,NaN,NaN,2.59,3.58,NaN,5.55,7.1,8.12,8.81
-8,-6.87,-5.99,NaN,-3.78,-2.04,-0.73,NaN,1.4,2.34,3.56,NaN,5.74,7.1,8.11,NaN
-8,NaN,-6.2,-4.45,NaN,-2.07,-0.809999999999999,NaN,NaN,2.08,3.97,NaN,5.5,7,7.98,8.98
-7.63,-6.75,NaN,-4.5,-3.7,-1.92,-0.73,-0.0700000000000003,NaN,NaN,4.09,NaN,NaN,7.13,8.1,9.01
NaN,-6.48,NaN,-4.58,-3.72,-1.98,-0.969999999999999,NaN,0.940000000000001,2.41,4.25,NaN,5.53,6.96,8.08,NaN
NaN,-6.96,-6.07,-4.49,NaN,NaN,-0.73,-0.0500000000000007,0.949999999999999,2.35,4.03,NaN,NaN,6.99,8.02,9.06
NaN,-6.65,-6.09,NaN,-3.88,-2.34,NaN,0.0399999999999991,0.859999999999999,2.5,4.09,4.89,5.59,7.29,8.04,9.06
NaN,NaN,-6.06,NaN,-3.84,-2.15,-0.789999999999999,-0.0399999999999991,NaN,2.3,3.82,4.94,NaN,7.17,8.09,9.05
NaN,-6.67,NaN,NaN,-4,-2.09,-0.780000000000001,0.140000000000001,0.890000000000001,2.34,NaN,NaN,5.94,7.04,8.05,8.93
-8,-6.68,-5.78,NaN,-3.77,-2.06,-0.91,0.16,NaN,2.37,3.64,4.85,5.52,6.96,8.11,9.05
NaN,-6.92,-6.18,NaN,-3.83,-2.36,NaN,0.129999999999999,NaN,2.45,4.15,4.92,NaN,NaN,8.14,8.97
NaN,NaN,-6,NaN,-4.04,-2.19,-0.550000000000001,-0.0500000000000007,NaN,2.42,NaN,4.92,NaN,7.26,8.07,9.06
NaN,-6.98,-5.82,NaN,NaN,-1.79,NaN,0.0500000000000007,NaN,2.35,3.54,NaN,NaN,6.7,8.09,NaN
NaN,-6.97,-5.85,NaN,-3.7,-2.29,-0.620000000000001,0.0300000000000011,1.08,2.5,3.91,4.94,NaN,7,NaN,8.98
NaN,-6.96,-5.96,NaN,-3.52,-2.58,-0.719999999999999,0.259999999999998,NaN,2.35,4.17,4.9,NaN,6.85,8.05,9.01
-7.96,NaN,-5.97,NaN,-3.86,-2.03,-0.75,0.0300000000000011,0.899999999999999,2.32,3.45,4.89,NaN,NaN,8.1,NaN
NaN,-6.43,NaN,-4.48,-3.36,-2.07,-0.690000000000001,-0.0899999999999999,NaN,2.26,4.24,5.02,NaN,7.14,8.19,9.05
-8,-6.46,NaN,-4.47,NaN,-2.09,-0.75,0.0899999999999999,NaN,2.28,4.18,4.89,5.94,6.93,8.12,NaN
-7.6,-6.89,-6.25,NaN,-3.79,-2.63,-0.809999999999999,0.00999999999999801,NaN,2.38,4.04,NaN,5.7,7.15,8.07,9.05
-7.66,-6.56,NaN,-4.55,NaN,-1.99,-0.649999999999999,-0.0500000000000007,NaN,2.2,3.71,NaN,5.51,7.17,8.07,NaN
NaN,-7.02,NaN,-4.59,-3.74,-2.07,-0.77,0.0799999999999983,0.949999999999999,2.39,3.86,NaN,NaN,NaN,8.11,9.06
-8,-6.73,NaN,-4.46,-3.87,-1.95,NaN,0.0799999999999983,NaN,2.5,NaN,4.47,6.06,7.04,8.05,NaN
-8,-6.7,-5.91,-4.22,NaN,-2.22,-0.59,0.129999999999999,0.84,2.26,3.88,4.9,NaN,6.87,8.16,NaN
NaN,-7.01,-5.94,NaN,-3.9,-2.24,-0.870000000000001,NaN,NaN,2.39,3.78,4.88,5.52,7.05,8.12,NaN
-7.78,NaN,-6.08,NaN,-3.68,-2.29,-0.789999999999999,0.0199999999999996,NaN,2.33,3.77,NaN,5.47,6.81,8.06,NaN
NaN,-6.55,NaN,-4.64,NaN,-1.77,-0.780000000000001,0.0700000000000003,1,2.38,3.5,NaN,5.62,6.85,8.29,NaN
NaN,-6.92,-5.76,NaN,-3.68,-2.16,-0.789999999999999,0.00999999999999801,NaN,2.28,3.63,NaN,5.59,7.17,8.04,NaN
NaN,NaN,-6.07,-4.68,NaN,-2.63,NaN,NaN,0.899999999999999,2.25,4.18,5,5.49,6.94,8.16,NaN
-7.48,-6.81,-6,NaN,-3.8,-2.13,-0.77,-0.0399999999999991,NaN,2.31,3.59,4.92,5.57,7.14,8.1,NaN
NaN,-7,NaN,-4.54,NaN,-2.51,-0.809999999999999,0.0999999999999979,0.919999999999998,2.28,3.35,4.71,NaN,NaN,8.12,9.05
-7.92,-6.93,-6.07,-4.31,NaN,-2.01,-0.77,0.16,NaN,2.22,3.94,4.96,5.58,7.02,8.13,9.05
NaN,-6.94,-6.2,NaN,-3.89,NaN,NaN,0.109999999999999,1.24,2.3,4.07,NaN,5.55,7.23,7.86,8.94
-7.62,-6.79,-5.91,NaN,-3.42,-2.32,-0.780000000000001,0.0500000000000007,0.870000000000001,2.21,3.46,NaN,5.78,6.67,8.11,NaN
-7.76,-6.58,NaN,-4.55,-3.75,NaN,-0.530000000000001,0.0999999999999979,1.03,2.14,3.62,NaN,5.82,7.29,8.18,9.04
NaN,-6.38,NaN,NaN,-3.62,-2.63,-1.04,0.0899999999999999,NaN,2.5,3.91,4.92,5.78,7.03,8.39,NaN
-7.96,-6.46,NaN,-4.43,NaN,-2.65,NaN,0.00999999999999801,NaN,2.3,3.95,4.95,5.44,6.92,8.3,NaN
-7.64,-6.78,-6.22,-4.33,NaN,-2.13,-0.739999999999998,0.0500000000000007,0.919999999999998,2.18,NaN,NaN,5.53,7.24,8.06,NaN
NaN,NaN,-6.01,NaN,-3.86,-2.28,-0.859999999999999,NaN,NaN,2.38,NaN,4.9,NaN,NaN,8.14,9.01
NaN,-6.38,NaN,NaN,-3.87,-1.96,-0.84,-0.0500000000000007,NaN,2.34,NaN,4.96,NaN,NaN,NaN,9.01
-7.8,-6.53,NaN,-4.49,-3.79,NaN,-0.699999999999999,0.169999999999998,NaN,2.09,4.05,4.88,5.58,6.78,8.18,8.61
-7.92,-6.42,NaN,NaN,-3.85,-2.52,-0.84,NaN,NaN,2.41,3.32,4.89,NaN,7.13,8.11,8.78
NaN,-7.05,-5.96,-4.58,NaN,-2.27,-0.759999999999998,0.0300000000000011,NaN,2.39,NaN,4.83,5.66,7.19,8.13,9.04
NaN,-7,-5.96,NaN,-3.83,-2.12,-0.620000000000001,0.0700000000000003,0.960000000000001,2.3,3.46,NaN,NaN,6.81,8.1,9.03
NaN,NaN,-5.9,-4.92,-3.95,-2.12,-0.780000000000001,0.0999999999999979,NaN,2.35,3.99,4.92,NaN,7.09,8.28,9.01
NaN,-6.86,NaN,-4.5,-3.75,-2.12,-0.759999999999998,0.190000000000001,NaN,2.36,3.58,5.06,NaN,7.28,8.13,9.05
-7.96,-6.7,-6,-4.43,NaN,-2.01,-0.77,0.0799999999999983,NaN,2.36,3.54,4.87,5.48,6.84,8.15,9.05
NaN,-6.35,NaN,NaN,-3.72,-2.18,-1.02,0.190000000000001,NaN,2.2,3.74,4.86,5.49,7.11,8.05,NaN
-7.54,NaN,-6.16,NaN,-3.54,-2.24,-1.01,0.00999999999999801,NaN,2.43,3.65,4.59,5.6,NaN,8.14,NaN
-7.59,-6.92,-6.27,NaN,-3.74,-2.22,NaN,0.0399999999999991,0.91,2.29,4.15,NaN,5.58,6.98,8.09,8.93
NaN,-6.81,NaN,-4.48,NaN,NaN,-0.710000000000001,0.140000000000001,NaN,2.23,NaN,NaN,5.58,7.01,NaN,NaN
NaN,NaN,-6,-4.54,NaN,-1.89,-0.75,0.140000000000001,NaN,2.35,3.83,4.88,5.57,6.9,8.09,8.88
-7.93,NaN,-6.29,NaN,-4.09,-2.16,-0.870000000000001,0.0700000000000003,0.969999999999999,2.34,NaN,4.88,5.86,6.99,8.13,NaN
-7.56,-6.64,-5.96,-4.6,NaN,NaN,-0.629999999999999,0.120000000000001,0.960000000000001,2.28,3.65,4.91,5.85,7.04,8.08,NaN
-7.8,NaN,-6.12,NaN,-4.03,-2.11,NaN,0.18,1,2.19,3.65,5.12,5.6,7.23,8.23,8.9
-7.57,-6.97,-6,-4.66,-3.81,-2.23,-0.969999999999999,0.0599999999999987,0.899999999999999,2.24,3.77,5.07,5.69,7.24,7.94,8.61
NaN,-6.56,-5.92,-4.44,-3.61,-2.1,-0.800000000000001,NaN,NaN,2.35,3.43,4.86,NaN,6.93,8.22,NaN
-7.76,-6.67,-5.86,-4.53,NaN,-1.98,-0.91,0.210000000000001,NaN,2.09,3.77,4.95,5.58,7.03,8.37,8.98
-7.79,-6.69,NaN,-4.3,NaN,-2.09,-0.84,0.0700000000000003,NaN,2.43,NaN,NaN,5.47,6.94,NaN,8.98
-7.76,-6.35,NaN,NaN,NaN,NaN,-0.739999999999998,0.199999999999999,NaN,2.41,3.56,4.83,5.65,7.27,8.02,9.06
NaN,-6.7,NaN,NaN,-3.85,-2.06,-0.73,0.109999999999999,1.01,2.39,NaN,4.92,5.56,7.09,8.14,9.05
-7.8,-6.66,-5.96,-4.51,NaN,NaN,-0.780000000000001,0.0300000000000011,NaN,2.42,4.11,4.94,5.56,7.37,NaN,9.02
NaN,-6.51,NaN,-4.58,NaN,NaN,NaN,0.149999999999999,0.849999999999998,2.67,4.06,NaN,5.64,7.06,7.98,9.06
-7.95,NaN,-6.31,-4.47,NaN,-1.94,-0.77,0.0300000000000011,NaN,2.24,3.98,4.89,5.49,7.02,8.13,8.96
-7.66,-6.72,-6.18,-4.66,-3.79,NaN,-0.649999999999999,0.00999999999999801,NaN,2.47,NaN,4.96,NaN,6.96,8.18,8.73
-8,NaN,-6.09,-4.42,NaN,-1.95,-0.899999999999999,NaN,NaN,2.48,3.63,4.52,5.7,7.03,8.47,NaN
NaN,-6.98,-6.23,NaN,NaN,NaN,-0.93,NaN,1.02,2.37,3.99,NaN,5.65,6.96,8.28,NaN
NaN,-6.98,-5.83,-4.54,NaN,-2.57,-0.82,0.0999999999999979,NaN,2.33,3.57,NaN,5.52,7.08,8.1,NaN
-7.54,-7.02,-5.84,NaN,-4.04,-2.03,NaN,0.199999999999999,NaN,2.37,3.64,NaN,5.48,7.12,8.08,NaN
-7.76,-6.83,-5.74,NaN,-3.56,NaN,-0.879999999999999,0.0899999999999999,NaN,2.32,3.31,NaN,5.61,7.41,8.15,9.06
NaN,-6.63,-5.89,NaN,-3.74,NaN,NaN,0.0500000000000007,1.01,2.32,3.86,4.95,5.67,7.02,8.27,NaN
-7.62,NaN,-6.13,NaN,-3.9,-2.36,-0.699999999999999,0,0.899999999999999,2.28,3.77,4.92,5.76,7.28,NaN,NaN
NaN,-6.97,NaN,NaN,-4.03,-2.01,-0.919999999999998,-0.00999999999999801,NaN,2.39,3.7,4.95,5.54,7.2,8.14,9.06
-8,-6.65,NaN,-4.5,-3.47,-2.16,-0.809999999999999,0.0899999999999999,0.960000000000001,2.31,4.04,NaN,5.65,6.85,8.15,NaN
NaN,-7.01,-6.09,-4.6,-3.48,-2.55,-0.859999999999999,0.0399999999999991,NaN,2.58,NaN,4.9,NaN,6.98,8.08,9.02
-7.92,NaN,-6.22,NaN,NaN,-2.15,-0.919999999999998,0.0799999999999983,NaN,2.37,NaN,5.14,NaN,7.11,8.13,NaN
-8,NaN,-6.13,-4.54,-3.74,NaN,-1.04,0.129999999999999,0.969999999999999,2.26,3.35,5.03,5.74,7.2,8.05,NaN
-7.59,-6.94,-5.88,NaN,-3.94,-2.47,-0.68,0.0700000000000003,NaN,2.26,3.79,NaN,5.56,6.78,8.11,9.02
-8,-6.66,-5.85,NaN,-3.54,-1.93,-0.739999999999998,-0.0999999999999979,NaN,2.51,NaN,NaN,5.52,6.84,8.07,NaN
NaN,-6.96,-5.83,NaN,-4.04,-2.64,-0.699999999999999,0.109999999999999,NaN,2.34,3.8,NaN,5.64,7.15,8.12,NaN
-7.95,-6.72,-5.99,NaN,-3.87,-2.23,NaN,0.120000000000001,NaN,2.29,3.58,NaN,5.52,7.12,8.14,8.8
-8,NaN,-5.98,-4.62,NaN,-2.62,-0.859999999999999,-0.0199999999999996,0.93,2.27,4.11,NaN,5.52,6.8,8.04,8.98
-7.76,NaN,-6,-4.49,-3.64,-2.16,-0.919999999999998,0.109999999999999,0.93,2.17,3.67,NaN,5.74,7.24,NaN,8.98
-7.97,-6.95,-6.03,-4.28,NaN,-2.07,-0.919999999999998,NaN,NaN,2.23,4.04,NaN,5.46,7.36,8.19,9.06
-7.76,-6.94,-6,-4.39,-3.84,-2.13,-0.68,-0.109999999999999,0.940000000000001,2.35,4.23,NaN,5.66,7.31,NaN,9.04
NaN,NaN,-6.13,NaN,-3.83,-1.94,-0.579999999999998,-0.0599999999999987,NaN,2.32,3.47,5.09,NaN,7.1,8.17,NaN
NaN,NaN,-5.96,-4.58,NaN,-2.26,-0.599999999999998,0.0599999999999987,NaN,2.23,3.69,NaN,5.62,7.01,8.08,NaN
NaN,-6.62,NaN,-4.55,-3.76,-2.37,-0.859999999999999,-0.0199999999999996,0.940000000000001,2.28,NaN,NaN,NaN,6.89,8.2,NaN
-7.76,NaN,-5.93,NaN,-3.81,-2.63,-0.59,-0.0399999999999991,0.969999999999999,2.29,3.81,NaN,5.69,7.01,8.17,9.01
-7.93,-6.44,NaN,NaN,-3.71,-1.82,-0.949999999999999,0,NaN,2.46,NaN,NaN,5.56,7.02,8.09,NaN
NaN,-6.62,NaN,-4.81,-3.74,-2.16,-0.870000000000001,0.129999999999999,0.949999999999999,2.24,NaN,4.94,5.59,6.97,8.16,9.03
-8,NaN,-5.97,NaN,NaN,-2.64,-0.68,0.0300000000000011,NaN,2.34,4.14,4.98,NaN,7,8.02,8.9
NaN,-7,-6.24,-4.37,NaN,-2.22,NaN,0.120000000000001,0.870000000000001,2.19,3.32,4.83,5.8,7.32,NaN,NaN
-7.7,-7,-6.03,-4.46,-3.81,-1.96,-0.969999999999999,0,NaN,2.28,4.06,4.97,5.48,6.93,8.13,8.95
NaN,NaN,-6.04,-4.8,NaN,-2.61,-0.739999999999998,0.00999999999999801,NaN,2.28,3.41,4.46,5.97,6.94,8.08,9.06
-7.8,NaN,-5.94,-4.49,NaN,-2.62,-0.77,0.0999999999999979,NaN,2.13,3.9,5.08,NaN,6.89,8.15,NaN
NaN,-6.57,NaN,-4.86,NaN,-1.92,-0.780000000000001,0.0700000000000003,NaN,2.48,NaN,NaN,5.57,7.25,8.08,8.97
-7.62,-6.7,NaN,-4.35,NaN,-2.25,-0.68,0.140000000000001,0.879999999999999,NaN,3.39,NaN,5.28,6.84,NaN,8.86
-8,NaN,-6,NaN,-3.88,-1.82,-0.710000000000001,0.0399999999999991,NaN,2.38,NaN,NaN,NaN,6.68,8.18,9.06
-8,NaN,-6.1,NaN,-4.06,-2.21,-0.719999999999999,0.00999999999999801,NaN,2.32,3.7,NaN,5.59,NaN,8.32,NaN
-7.76,-6.47,NaN,NaN,-3.84,NaN,-0.629999999999999,0.0300000000000011,NaN,2.4,3.88,NaN,5.57,7.08,8.03,NaN
-7.57,-6.82,-5.95,NaN,-3.77,-2.16,-0.710000000000001,0.0999999999999979,NaN,2.23,4.09,NaN,5.58,7.18,8.06,8.93
-8,NaN,-6.22,-4.62,NaN,-1.89,-0.870000000000001,0.149999999999999,NaN,2.15,NaN,4.65,5.59,6.75,8.09,8.89
NaN,NaN,-6.05,NaN,-3.74,-2.44,-0.809999999999999,0.190000000000001,0.879999999999999,2.44,3.66,NaN,5.5,7.11,8.17,8.65
-8,-6.55,NaN,NaN,-3.78,-2.22,-0.800000000000001,0.0999999999999979,0.890000000000001,2.32,3.84,4.66,5.68,6.89,8.18,9.02
-7.53,-6.95,-5.99,-4.47,NaN,NaN,-0.5,-0.0300000000000011,0.899999999999999,2.34,3.81,4.93,NaN,7.25,7.96,9.02
NaN,-6.87,NaN,NaN,-3.72,-2.12,-0.719999999999999,-0.0700000000000003,1.17,2.3,NaN,4.97,5.87,7.11,NaN,8.86
NaN,-6.94,-5.85,NaN,-3.7,-2.32,-0.739999999999998,NaN,1.05,2.27,4.23,NaN,5.68,7.32,NaN,9.04
NaN,-6.65,NaN,NaN,-3.76,-2.12,-0.629999999999999,0.00999999999999801,NaN,2.25,3.37,4.55,5.59,6.91,8.1,9.03
NaN,-6.4,NaN,NaN,-3.71,NaN,-0.809999999999999,NaN,NaN,2.12,3.66,4.62,5.72,7.41,8.15,9.04
NaN,-6.54,NaN,-4.68,-3.64,-2.19,NaN,0.199999999999999,0.93,2.17,4,4.91,5.81,7.15,8.06,9.04
-7.6,-6.81,-5.9,NaN,-3.94,NaN,-0.809999999999999,0.00999999999999801,0.919999999999998,2.48,4.02,4.83,6.05,NaN,8.03,8.98
-7.6,-6.9,-6.18,NaN,-3.53,-1.73,NaN,0.120000000000001,NaN,2.24,4.09,NaN,5.52,7.15,8.07,9.06
-7.66,-6.71,-5.82,-4.33,NaN,-2.05,-0.699999999999999,0.00999999999999801,0.890000000000001,2.28,NaN,NaN,6,6.96,8.14,NaN
-8,-6.7,NaN,-4.56,-3.78,-2.19,NaN,0.149999999999999,0.890000000000001,2.2,4.03,NaN,6,6.98,8.14,8.88
NaN,NaN,-6.18,NaN,-3.97,-1.7,-0.949999999999999,-0.0199999999999996,NaN,2.31,3.9,NaN,NaN,6.7,8.15,8.64
NaN,NaN,-6.09,-4.34,NaN,-1.94,-0.739999999999998,-0.0300000000000011,NaN,2.47,NaN,5.15,NaN,7.06,8.13,8.91
-8,-6.64,NaN,NaN,-3.81,-2.18,-0.800000000000001,0.109999999999999,NaN,2.08,3.39,4.98,5.56,6.99,8.06,NaN
-7.89,-6.61,-5.95,NaN,-3.64,-2.09,-0.59,0.210000000000001,NaN,2.36,3.72,NaN,5.36,6.79,8.1,9.06
NaN,NaN,-6.04,NaN,-3.77,-2.49,-0.98,-0.0300000000000011,1.05,2.23,3.83,5.04,NaN,6.69,8.25,8.82
-7.8,-6.49,-6.05,-4.57,NaN,NaN,-0.739999999999998,0,0.870000000000001,2.4,3.97,4.88,5.51,7,8.07,NaN
NaN,-6.5,NaN,NaN,-3.7,-2.15,-0.609999999999999,0.120000000000001,NaN,2.29,3.76,4.95,5.56,7.28,8.21,8.96
NaN,-6.51,NaN,-4.62,-3.45,NaN,-0.789999999999999,-0.0300000000000011,NaN,2.54,4.13,NaN,5.51,6.99,8.12,9.02
-8,NaN,-6.21,-4.45,NaN,-2.33,NaN,0.219999999999999,0.91,1.95,3.89,4.95,5.66,NaN,8.32,NaN
-8,NaN,-6.1,NaN,-3.74,-2.17,-1.03,0.0700000000000003,NaN,2.18,NaN,4.61,5.54,6.81,8.15,NaN
-7.6,-6.84,-5.89,NaN,-3.89,-1.78,-0.75,0.0500000000000007,NaN,2.25,NaN,4.47,5.58,7.07,8.14,9.02
-8,-6.69,-5.85,NaN,-3.58,-1.88,NaN,0.16,NaN,2.23,3.51,4.49,NaN,6.96,8.15,NaN
-7.89,-6.52,NaN,NaN,-3.75,-1.74,NaN,NaN,0.960000000000001,2.33,4.07,4.92,5.71,7.28,NaN,8.97
-7.57,-6.53,-5.88,NaN,-3.8,-2.2,-0.82,0.00999999999999801,NaN,1.85,3.29,NaN,5.5,6.84,8.01,9.06
-8,-6.57,-6,NaN,-4.02,-2.19,-0.780000000000001,NaN,NaN,2.32,4.03,NaN,5.53,7.18,NaN,9.06
-8,NaN,-6.05,NaN,-3.82,-2.11,NaN,0.259999999999998,0.91,2.3,3.74,NaN,5.52,7.26,NaN,9.03
NaN,NaN,-6.04,NaN,-3.77,-1.74,-0.870000000000001,NaN,0.91,2.37,3.3,NaN,5.64,6.98,8.17,NaN
-8,-6.41,NaN,NaN,-3.95,-2.16,-0.780000000000001,-0.129999999999999,0.969999999999999,2.23,3.72,4.95,NaN,7.16,8.05,NaN
-7.92,-6.47,NaN,NaN,-3.72,NaN,-0.719999999999999,0.140000000000001,NaN,2.34,3.46,4.87,5.88,7.22,7.93,NaN
-7.6,-6.6,NaN,-4.49,NaN,-2.09,-0.739999999999998,0.0199999999999996,NaN,2.4,4.24,NaN,5.53,7.19,NaN,9.06
-8,-6.86,-5.94,-4.47,-3.84,-1.85,-0.859999999999999,0.00999999999999801,0.93,2.26,3.69,NaN,NaN,6.87,7.96,9.02
-7.76,-6.66,NaN,-4.53,-3.72,-2.3,-0.870000000000001,0,NaN,2.51,3.66,NaN,5.62,7.14,8.32,NaN
-7.8,-6.63,-6.07,NaN,-3.72,NaN,-0.849999999999998,NaN,1.1,2.34,3.91,NaN,NaN,7.05,7.93,8.74
-7.93,-6.74,-5.9,NaN,-3.86,-2.21,NaN,NaN,0.960000000000001,2.16,3.65,NaN,5.79,7.16,8.19,NaN
-7.57,-6.79,-5.97,NaN,-3.71,-2.1,-0.719999999999999,NaN,NaN,2.47,NaN,NaN,5.92,6.88,8.06,NaN
NaN,-6.56,NaN,-4.62,-3.73,NaN,-1.07,NaN,NaN,2.3,NaN,4.87,6.02,7.23,8.11,9.06
-7.6,NaN,-6.03,NaN,-3.86,-2.34,-0.649999999999999,0.0300000000000011,NaN,2.42,NaN,NaN,5.48,6.89,8.11,8.84
-8,-6.54,-5.92,-4.5,-3.75,-2.55,-0.960000000000001,-0.0899999999999999,NaN,2.33,3.88,NaN,5.48,7.1,8.13,NaN
NaN,-6.69,-5.81,-4.56,NaN,NaN,-0.82,0.18,NaN,2.26,3.54,4.84,5.62,NaN,8.22,8.94
-7.6,-6.87,-6.12,NaN,-3.78,NaN,-0.789999999999999,0.0999999999999979,0.77,2.58,3.69,4.79,5.47,6.91,8.33,NaN
-7.6,-6.83,-5.95,NaN,-3.67,-2.17,-0.739999999999998,0.0799999999999983,NaN,2.4,NaN,NaN,NaN,NaN,8.1,NaN
-7.6,-6.44,NaN,-4.6,-3.79,-2.34,NaN,0.0799999999999983,NaN,2.41,3.77,NaN,NaN,6.73,8.32,9.05
-7.8,-6.48,NaN,-4.48,NaN,-2.15,-0.800000000000001,0.0599999999999987,0.890000000000001,2.36,4.07,NaN,5.67,7.02,NaN,NaN
NaN,-6.47,-5.83,-4.68,-3.81,-1.9,-0.899999999999999,NaN,NaN,2.31,3.81,NaN,5.49,6.95,8.09,9.02
NaN,-6.56,-5.85,NaN,-3.82,-2.22,-0.75,0.0199999999999996,NaN,2.23,3.95,4.94,NaN,6.78,8.08,NaN
-7.66,-6.75,-6.08,-4.46,-3.73,-2.05,NaN,NaN,NaN,2.46,3.64,4.88,5.61,6.98,8.15,NaN
NaN,-6.52,NaN,NaN,-3.92,-1.88,-0.690000000000001,0.0999999999999979,0.949999999999999,2.19,3.28,NaN,5.66,6.97,8.12,NaN
NaN,NaN,-6.02,NaN,-3.59,-2.13,-0.59,NaN,NaN,2.39,3.47,NaN,6.04,6.98,8.08,8.95
NaN,-6.97,-5.79,-4.65,-3.75,-2.26,-0.620000000000001,0.27,0.829999999999998,2.48,3.63,4.56,6,7.06,8.09,9.03
NaN,-7.05,-6.09,NaN,-3.6,-2.31,-0.59,0.140000000000001,NaN,2.52,4.03,4.71,NaN,6.98,8.07,8.97
-8,-6.63,-5.96,NaN,-3.75,-1.89,-0.899999999999999,0.0599999999999987,0.93,2.18,3.47,4.83,5.56,7.1,8.08,NaN
NaN,NaN,-6.04,NaN,-3.87,-2.32,NaN,0.0399999999999991,NaN,2.46,4.13,NaN,5.54,7.23,8.16,9.04
NaN,-6.88,-5.85,NaN,-3.71,-2.01,-0.640000000000001,0,NaN,2.51,3.53,5,NaN,7.14,8.08,9.06
-7.57,-6.65,NaN,-4.57,-3.73,-2.1,-0.919999999999998,-0.0399999999999991,NaN,2.34,3.93,NaN,5.48,6.97,8.05,9.03
-8,-6.6,NaN,NaN,-3.72,-2.14,-0.940000000000001,NaN,0.879999999999999,2.43,3.81,4.84,NaN,6.66,8.1,8.97
NaN,-7,-5.98,-4.43,NaN,-2.05,-0.82,-0.0199999999999996,0.989999999999998,2.2,3.8,5.14,NaN,7.11,8.19,8.9
NaN,NaN,-5.95,-4.54,-3.96,-2.25,-0.870000000000001,-0.0199999999999996,NaN,2.32,3.3,NaN,5.79,7.08,8.1,NaN
-7.89,NaN,-6.11,-4.38,-3.52,-2.31,-0.82,0.109999999999999,0.849999999999998,2.22,NaN,NaN,5.77,7.2,NaN,8.79
NaN,-6.79,-5.92,-4.4,NaN,NaN,-0.739999999999998,NaN,NaN,NaN,3.98,NaN,5.62,7.17,8.28,NaN
-7.66,-6.94,NaN,-4.27,NaN,-2.33,-0.719999999999999,0.140000000000001,NaN,2.32,4.13,4.89,NaN,6.99,8.15,NaN
-8,NaN,-6.07,NaN,-3.88,-2.02,-0.899999999999999,0.0300000000000011,NaN,2.31,3.63,NaN,5.9,6.97,8.14,NaN
-8,-6.57,-6.03,-4.2,NaN,-2.03,-0.789999999999999,-0.0799999999999983,NaN,2.39,3.43,NaN,5.71,7.16,8.25,NaN
-7.56,NaN,-6.01,NaN,-3.94,-2.21,-0.759999999999998,0.0399999999999991,NaN,1.87,3.84,5.07,NaN,6.6,8.14,NaN
NaN,NaN,-5.95,NaN,-3.84,-2.14,-0.859999999999999,0.16,NaN,2.33,3.98,4.98,NaN,6.95,NaN,9.06
-7.8,-6.5,NaN,NaN,-3.84,-2.14,-0.989999999999998,0.109999999999999,0.919999999999998,2.32,3.37,4.82,5.57,7.03,NaN,9.06
-7.97,-6.95,NaN,-4.19,NaN,-2.2,-0.599999999999998,0.0999999999999979,NaN,2.41,4.01,NaN,5.59,7.12,8.09,8.93
-7.92,-6.85,-5.97,-4.39,-3.75,-2.25,NaN,0.140000000000001,0.890000000000001,2.2,3.65,NaN,5.8,6.96,8.05,9.01
-8,NaN,-6.16,NaN,-3.79,-2.01,-0.949999999999999,-0.169999999999998,NaN,2.45,3.84,NaN,5.66,6.92,8.08,9.06
-7.57,NaN,-6.09,NaN,-3.83,-2.25,-0.859999999999999,0.120000000000001,NaN,2.42,NaN,NaN,5.4,6.93,NaN,8.8
-7.78,-6.88,NaN,-4.41,NaN,-2.64,-0.809999999999999,0,1.05,2.44,3.87,NaN,5.54,7.25,NaN,9.06
-7.7,-6.96,-6.04,-4.39,NaN,-2.57,-0.780000000000001,-0.00999999999999801,NaN,2.19,3.98,5,NaN,7.08,8.09,9.05
-8,-6.64,-5.89,NaN,-3.75,-2.21,-0.629999999999999,-0.0899999999999999,NaN,2.26,4.01,5,5.64,7.12,8.2,NaN
NaN,-6.35,NaN,NaN,-3.88,-2.25,-0.93,-0.0899999999999999,0.899999999999999,2.55,NaN,NaN,NaN,6.89,8.15,8.85
-8,-6.64,-5.84,NaN,NaN,-2.17,-0.620000000000001,0.0199999999999996,NaN,2.13,4.24,NaN,NaN,7.26,NaN,8.98
NaN,-6.6,-5.88,NaN,-3.78,-2.1,-0.849999999999998,-0.0500000000000007,NaN,2.28,4.21,NaN,5.61,7.2,NaN,9
-8,-6.32,NaN,-4.55,NaN,NaN,NaN,0.120000000000001,0.949999999999999,2.37,3.76,NaN,5.53,6.81,8.2,NaN
-8,-6.34,NaN,NaN,NaN,NaN,-0.940000000000001,-0.0999999999999979,NaN,2.51,4.01,NaN,5.55,NaN,NaN,8.86
NaN,-6.61,-6.11,-4.13,NaN,-2.13,-0.739999999999998,0.0500000000000007,NaN,1.99,4.17,NaN,NaN,6.97,8.27,NaN
-7.88,-6.98,-5.89,NaN,-3.61,-2.36,-0.780000000000001,0.0199999999999996,NaN,2.32,3.56,NaN,5.42,6.95,8.15,NaN
NaN,-7,NaN,-4.36,NaN,-2.2,-0.699999999999999,0.120000000000001,NaN,2.35,3.99,4.93,5.59,6.73,8.16,8.88
-7.76,NaN,-5.84,NaN,NaN,-1.95,NaN,0.210000000000001,0.919999999999998,2.23,NaN,4.86,5.53,7,8.11,NaN
-7.6,NaN,-6.03,NaN,-3.72,-2.13,-0.849999999999998,0.0199999999999996,NaN,2.42,3.72,5.04,5.61,7.3,8.21,8.97
NaN,-6.7,-6.03,NaN,-3.73,-2.6,-0.77,NaN,NaN,2.41,3.8,NaN,5.56,6.99,8.06,8.97
NaN,-6.91,NaN,-4.51,-3.47,-2.29,-0.800000000000001,0,1.01,2.42,NaN,4.5,5.64,7.1,8.34,9.05
NaN,-6.81,-6.03,NaN,-4.07,-2.39,-0.789999999999999,NaN,0.91,2.12,3.39,4.48,5.64,6.62,8.19,9.05
-8,NaN,-6.14,-4.48,-3.75,-1.99,-0.68,0.109999999999999,0.899999999999999,2.25,4.04,4.83,5.53,7.01,8.13,NaN
NaN,-6.57,NaN,NaN,-3.74,-2.42,-0.690000000000001,-0.169999999999998,NaN,2.51,3.69,4.93,5.5,7.04,7.97,NaN
-8,NaN,-6.26,NaN,-3.94,-1.97,-0.940000000000001,-0.0300000000000011,NaN,2.27,3.84,NaN,5.8,7.14,NaN,8.9
-7.8,-6.52,-5.99,NaN,-3.77,-2.07,-0.829999999999998,0.16,NaN,2.31,3.44,4.58,NaN,6.85,8.19,NaN
NaN,NaN,-6.08,NaN,-3.82,-2.37,-0.43,-0.00999999999999801,NaN,2.28,NaN,4.74,5.5,6.89,NaN,8.74
NaN,-6.6,-6.04,NaN,-3.82,-2.04,-0.879999999999999,NaN,0.84,2.36,4.13,NaN,NaN,7.09,8.06,8.86
NaN,-6.76,NaN,NaN,-3.68,-2.66,NaN,0.169999999999998,0.899999999999999,2.22,3.69,NaN,NaN,6.78,8.07,NaN
NaN,-6.54,NaN,NaN,-3.81,NaN,NaN,-0.0599999999999987,NaN,2.3,3.7,NaN,NaN,7.38,8.07,9.02
-7.76,-6.96,-5.96,NaN,-3.84,-2.37,-0.829999999999998,0.0199999999999996,NaN,2.54,NaN,NaN,NaN,6.99,8.11,9.05
NaN,-6.34,NaN,-4.48,-3.69,-2.03,-0.93,0.0999999999999979,0.98,2.18,3.88,4.92,5.56,NaN,8.38,NaN
-7.8,NaN,-6.02,NaN,-3.95,-2.21,-0.789999999999999,0.0700000000000003,1.09,2.23,3.56,4.82,5.57,6.81,8.13,NaN
-8,-6.6,NaN,-4.63,-3.8,-2.23,-1.02,NaN,0.98,2.36,3.69,4.97,5.58,7.19,8.17,NaN
-8,-6.59,-5.86,-4.54,-3.63,-1.97,-0.699999999999999,0.199999999999999,NaN,1.82,3.47,NaN,5.55,7.16,8.12,NaN
-7.93,-6.62,-6.09,-4.52,-3.68,-2.19,-0.550000000000001,0.120000000000001,NaN,2.29,3.58,NaN,5.96,NaN,8.23,NaN
-7.66,-6.75,-5.85,-4.43,NaN,-1.98,-0.849999999999998,0.0899999999999999,0.890000000000001,2.23,3.5,5.19,NaN,7.08,NaN,9.06
-8,NaN,-5.9,-4.55,-3.75,-2.08,NaN,0.0799999999999983,0.870000000000001,2.35,3.79,4.86,5.8,6.96,8.08,8.97
-7.49,-6.84,NaN,NaN,-3.69,-1.77,NaN,0.120000000000001,0.969999999999999,2.4,3.56,NaN,5.92,7.07,8.01,9.06
-7.78,-6.64,-5.99,NaN,NaN,-2.64,-0.77,0.149999999999999,NaN,2.24,NaN,4.98,NaN,6.98,8.16,NaN
NaN,-6.75,-6.1,-4.38,-3.87,-2.18,-0.780000000000001,0,NaN,1.83,4.15,4.96,5.98,7.15,8.09,8.95
-7.8,-6.58,-5.86,NaN,-3.7,-2.09,-0.75,0.0300000000000011,NaN,2.42,3.73,NaN,5.5,7.1,7.99,8.73
-8,NaN,-5.95,NaN,-3.8,-2.02,-0.960000000000001,0.120000000000001,NaN,2.31,3.9,NaN,5.98,NaN,8.19,NaN
-8,-6.54,NaN,NaN,-3.87,-2.27,NaN,0.18,NaN,2.33,3.37,NaN,5.58,6.98,8.07,9.06
-7.92,-6.91,NaN,-4.45,NaN,-2.1,NaN,0.16,0.940000000000001,2.23,3.49,NaN,5.58,6.98,8.21,NaN
-7.96,-6.35,NaN,-4.37,NaN,-2.12,-0.82,0.149999999999999,NaN,2.63,NaN,5.02,NaN,6.99,8.26,NaN
NaN,-6.53,-6.06,-4.39,-4,-2.21,-0.809999999999999,0.00999999999999801,NaN,2.43,3.4,4.89,NaN,7.22,8.03,8.98
NaN,-6.67,NaN,NaN,-4.09,NaN,-0.82,NaN,1.01,1.85,3.98,4.8,5.53,6.73,8.03,8.98
NaN,-6.69,-5.98,-4.72,-3.66,-2.19,-0.82,0.199999999999999,NaN,2.3,3.89,NaN,5.56,6.78,8.09,9.02
-7.8,-6.56,NaN,NaN,-3.78,-2.17,-0.809999999999999,NaN,NaN,2.43,3.54,4.67,NaN,NaN,8.07,9.05
-8,-6.56,-5.88,NaN,-3.96,-1.9,-0.699999999999999,0.109999999999999,0.93,2.33,NaN,NaN,5.73,7.13,8.04,9.05
NaN,-6.81,-6.05,-4.44,-3.79,-2,-0.669999999999998,0.149999999999999,1.1,2.47,3.98,4.84,5.97,7.13,8.03,NaN
NaN,NaN,-5.92,NaN,-3.77,-2.19,-0.739999999999998,0.0399999999999991,0.899999999999999,NaN,4.2,NaN,5.56,NaN,NaN,8.66
-7.8,NaN,-6.26,NaN,-3.64,-2.12,-0.84,-0.0300000000000011,NaN,2.22,3.64,NaN,5.38,7.26,8.29,NaN
-7.76,-6.81,-6.01,NaN,-3.47,-2.08,-0.949999999999999,0.0799999999999983,NaN,2.36,4.08,NaN,5.67,7.01,7.98,8.97
-7.95,-7.03,-5.96,-4.48,-3.72,-2.19,NaN,0.0399999999999991,NaN,2.34,3.73,4.9,5.68,7.17,NaN,8.74
NaN,-6.82,-6.17,NaN,-3.83,-2.21,-0.849999999999998,-0.0199999999999996,NaN,2.23,NaN,NaN,5.52,7.06,8.14,8.93
NaN,-6.54,NaN,-4.46,-3.82,-2.05,-0.780000000000001,0.140000000000001,NaN,2.22,3.86,NaN,5.94,7.37,NaN,8.96
NaN,-6.98,-6.15,-4.16,NaN,-2.1,NaN,-0.0500000000000007,1.02,2.4,3.92,5.13,NaN,7.2,8.07,NaN
NaN,-6.95,-6,NaN,-3.76,-2.16,-0.559999999999999,NaN,0.940000000000001,2.2,3.94,4.95,NaN,7.19,8.14,8.85
NaN,-6.6,NaN,NaN,-3.8,-2.3,-0.879999999999999,-0.0399999999999991,NaN,2.44,3.54,5.06,NaN,7.15,8.4,NaN
-8,-6.44,NaN,NaN,-3.99,-2.01,-0.719999999999999,-0.0899999999999999,0.849999999999998,2.31,3.6,NaN,5.57,7.04,8.08,8.95
-8,-6.88,NaN,-4.52,NaN,NaN,-0.989999999999998,0.0500000000000007,NaN,2.13,NaN,NaN,5.86,7.19,8.15,9.06
-8,NaN,-5.96,NaN,-3.67,-2.08,NaN,0.169999999999998,0.940000000000001,2.18,4.05,4.91,5.57,7.24,8.05,9.06
-8,-6.41,NaN,NaN,-4.03,-2.11,-0.719999999999999,0,NaN,2.34,3.62,NaN,5.51,6.88,8.15,9.05
NaN,-6.58,-5.87,-4.66,NaN,-2.28,-0.73,-0.00999999999999801,NaN,2.15,3.73,NaN,5.64,6.85,8.15,9.05
NaN,-6.93,-5.89,NaN,-3.82,-2.31,-0.919999999999998,0.120000000000001,1.19,2.27,3.52,NaN,5.56,6.92,8.24,NaN
-7.55,-6.49,NaN,NaN,-3.7,-2.01,-1.04,NaN,NaN,2.21,3.82,4.74,5.58,7.05,8.21,NaN
-8,NaN,-6.07,NaN,-3.76,-2.25,-0.780000000000001,NaN,0.859999999999999,2.39,3.41,4.67,NaN,7,8.09,NaN
-8,NaN,-6.21,-4.48,-3.78,-2.07,-0.669999999999998,-0.0199999999999996,NaN,2.31,3.39,4.9,NaN,7.18,8.12,9.06
-7.56,-6.66,NaN,-4.51,NaN,-2.13,-0.849999999999998,0.109999999999999,NaN,2.36,3.97,4.91,5.49,7.24,8.05,9.02
-8,NaN,-5.96,NaN,-3.76,-2.22,-0.669999999999998,0.0799999999999983,NaN,2.43,3.47,NaN,5.65,7.08,8.16,NaN
NaN,NaN,-5.94,NaN,-3.87,-2.1,-1.07,-0.109999999999999,NaN,2.37,3.89,4.94,5.8,7.01,8.1,NaN
-7.76,-6.82,-5.97,NaN,-3.84,-2.14,-0.57,0.199999999999999,0.91,2.35,4.21,4.98,5.66,6.98,8.13,NaN
-7.99,-6.98,NaN,-4.57,NaN,-2.29,NaN,0.120000000000001,0.879999999999999,2.4,3.99,NaN,5.63,6.96,8.03,8.88
NaN,-6.96,-5.91,NaN,-3.48,-2.27,-0.91,NaN,NaN,2.41,3.98,NaN,5.56,6.98,8.02,8.98
-8,-6.64,NaN,-4.54,-3.49,-1.91,-0.940000000000001,0.18,NaN,2.32,3.35,4.68,5.52,6.98,NaN,8.98
NaN,NaN,-6.12,NaN,-3.86,-2.07,-0.789999999999999,-0.0899999999999999,NaN,2.24,4.07,NaN,5.82,7.11,8.1,NaN
NaN,NaN,-6.06,NaN,-3.93,-2.21,-0.890000000000001,0.0599999999999987,NaN,2.44,3.45,4.93,NaN,7.05,8.14,9
-7.79,-6.95,-6.28,-4.42,NaN,-1.7,NaN,0.0399999999999991,NaN,2.14,NaN,4.68,5.45,7.1,NaN,NaN
-7.58,-6.8,NaN,NaN,-3.53,-2.28,-1.09,0.140000000000001,NaN,2.33,3.4,4.99,5.5,6.96,NaN,8.61
-7.57,-6.72,-5.82,NaN,-3.53,-2.42,-0.789999999999999,0.109999999999999,NaN,2.5,4.07,4.81,5.5,7.26,8.06,8.83
-7.57,-6.69,-5.9,NaN,NaN,-2.19,-0.66,NaN,NaN,2.23,3.9,4.96,5.55,7.03,8.08,8.95
-7.53,-6.95,-6.14,NaN,-3.84,-1.99,NaN,0.0500000000000007,NaN,2.32,3.28,4.86,NaN,6.9,8.07,8.97
-7.78,-6.69,NaN,NaN,-3.7,-2.34,-0.780000000000001,0.239999999999998,0.960000000000001,2.18,3.7,NaN,5.96,6.98,8.07,NaN
-7.6,NaN,-5.96,-4.48,-3.6,-1.97,-0.789999999999999,0.0899999999999999,0.829999999999998,2.73,4.05,4.79,5.45,6.8,8.16,NaN
NaN,-6.63,NaN,-4.54,-3.81,NaN,-0.699999999999999,0.129999999999999,0.879999999999999,2.02,NaN,4.87,NaN,6.8,8.12,NaN
NaN,-7.06,-5.77,NaN,-3.68,-2.12,NaN,0.169999999999998,0.899999999999999,2.26,NaN,NaN,NaN,7.08,8.15,8.96
-7.56,NaN,-6.17,NaN,-3.76,-2.19,-0.989999999999998,0.199999999999999,NaN,2.5,3.55,NaN,5.47,6.87,8.01,8.95
NaN,NaN,-6.08,-4.86,-3.8,-2.61,NaN,-0.00999999999999801,NaN,2.3,3.73,4.99,5.55,7.2,8.39,9.03
-7.99,-6.43,NaN,-4.62,NaN,-1.69,NaN,0.0599999999999987,0.919999999999998,2.41,3.36,NaN,NaN,6.95,7.96,NaN
-7.57,-6.43,NaN,-4.5,-3.57,-2.18,NaN,0.25,0.91,2.04,4.23,NaN,NaN,7.07,NaN,8.68
-8,NaN,-6,NaN,-3.59,-2.13,NaN,0.0399999999999991,NaN,2.31,3.99,4.82,6,7.08,NaN,NaN
-8,NaN,-5.91,-4.46,-3.43,-1.97,-0.960000000000001,NaN,1.26,2.41,3.62,4.95,5.69,7.12,NaN,9.05
-7.76,NaN,-6.16,-4.55,-3.84,NaN,-0.77,NaN,NaN,2.33,4.11,4.97,NaN,7.4,8.11,8.97
-7.8,NaN,-5.98,NaN,-3.87,-1.71,-0.84,-0.00999999999999801,NaN,2.33,3.28,4.93,NaN,7.14,8.16,NaN
NaN,NaN,-6.15,-4.9,-3.67,-2.17,-0.829999999999998,0.0700000000000003,1.01,2.35,4.2,NaN,5.87,6.78,NaN,8.9
-7.76,-6.95,-5.97,NaN,-3.84,-2.21,-0.739999999999998,0.0599999999999987,0.940000000000001,2.18,3.72,NaN,5.72,7.11,8.23,8.96
-7.95,-6.39,NaN,-4.34,NaN,-2.16,-0.710000000000001,0.120000000000001,NaN,2.4,4.2,NaN,NaN,7.15,8.04,9.06
-8,-6.6,-5.92,NaN,-3.92,-2.08,-0.66,0.109999999999999,NaN,2.01,NaN,4.89,NaN,7.03,8.06,8.97
-7.48,-6.94,-5.97,-4.45,NaN,-1.74,-0.690000000000001,0.25,NaN,2.17,NaN,4.83,5.68,6.93,8.05,9.03
NaN,NaN,-5.97,-4.53,-3.83,-2.38,NaN,-0.0199999999999996,0.849999999999998,2.37,3.79,4.93,5.5,7.31,8.35,NaN
NaN,-6.85,-6.06,NaN,-3.81,-2.28,NaN,0.129999999999999,NaN,2.42,3.89,NaN,5.53,7.35,NaN,9.02
NaN,-6.61,NaN,NaN,NaN,NaN,-0.75,0.0199999999999996,NaN,1.98,NaN,4.94,5.55,6.9,NaN,8.78
-8,-6.62,NaN,NaN,-3.72,-2.11,NaN,0.169999999999998,NaN,2.48,3.62,NaN,NaN,7.22,8.09,NaN
-7.76,-6.64,-5.99,NaN,NaN,NaN,NaN,0.140000000000001,NaN,2.36,4.12,NaN,5.57,7.28,NaN,8.98
NaN,-7.01,NaN,NaN,NaN,-1.94,-0.669999999999998,0.0999999999999979,0.960000000000001,2.2,3.98,NaN,NaN,6.92,8.13,NaN
NaN,-6.61,NaN,-4.44,-3.79,-2.39,-0.75,NaN,0.919999999999998,2.22,4.09,NaN,5.74,NaN,8.18,NaN
NaN,NaN,-5.95,-4.48,-3.8,-2.34,NaN,0.18,NaN,2.15,4.09,NaN,5.53,7.13,8.01,8.9
-7.76,-6.51,NaN,NaN,-3.94,-2.15,-0.809999999999999,0.16,0.940000000000001,2.42,4.08,5.03,NaN,7.38,NaN,9.04
-7.66,-6.59,NaN,-4.5,-3.32,-2.64,-0.969999999999999,0.0500000000000007,0.940000000000001,2.36,4.2,NaN,5.3,6.86,NaN,8.95
-7.58,-6.91,-5.96,-4.52,-3.75,-2.23,-0.829999999999998,0.23,NaN,1.97,3.28,NaN,5.88,7.12,8.27,9.01
-7.95,-6.67,-6.1,-4.49,NaN,-2.28,-0.870000000000001,-0.00999999999999801,NaN,NaN,3.84,4.7,NaN,7.15,8.11,8.86
-7.76,-6.94,NaN,NaN,-3.72,-2.09,-0.989999999999998,NaN,0.899999999999999,2.24,3.62,4.98,5.69,7.21,NaN,8.95
-8,NaN,-5.83,NaN,NaN,NaN,-0.870000000000001,0.00999999999999801,NaN,2.31,NaN,4.92,NaN,6.73,8.07,9.02
-7.57,-6.7,NaN,NaN,-3.84,-2.14,-0.66,0.149999999999999,NaN,2.31,3.95,NaN,5.69,7.22,8.1,9.05
NaN,-6.59,NaN,NaN,-3.78,-2.11,-0.73,0.00999999999999801,NaN,2.44,3.45,NaN,5.49,6.94,8.12,9.05
NaN,-6.41,NaN,NaN,NaN,NaN,NaN,0.0899999999999999,NaN,2.33,NaN,5.03,NaN,7.28,8.1,9.05
-7.8,-6.67,-5.92,-4.36,NaN,-2.21,-0.84,NaN,0.84,2.2,3.66,NaN,5.44,7.32,8.13,9.04
-7.93,-6.63,NaN,NaN,-3.69,-2.64,-0.949999999999999,NaN,0.859999999999999,1.98,NaN,4.51,5.62,7.02,7.99,8.98
-7.54,-6.9,NaN,-4.35,NaN,-2.3,-1,0.16,NaN,2.15,3.28,4.9,5.5,7.29,8.28,9.01
-8,-6.51,NaN,NaN,-3.84,-2.12,-0.890000000000001,-0.0300000000000011,NaN,2.28,3.72,4.95,5.94,7.32,NaN,9.06
-7.8,-6.58,NaN,NaN,-3.84,-1.99,-0.859999999999999,0.0300000000000011,NaN,2.37,NaN,4.9,NaN,6.58,NaN,8.67
-7.66,NaN,-6.14,NaN,NaN,NaN,NaN,NaN,NaN,2.36,3.69,NaN,5.62,6.87,8.16,9.03
-8,NaN,-6.16,-4.85,-3.39,-2.16,-0.84,0.280000000000001,0.890000000000001,2.18,3.99,4.9,NaN,7.01,8.02,8.8
-8,-6.41,NaN,NaN,-3.56,-2.1,-0.640000000000001,0.0199999999999996,0.91,2.41,4.16,4.86,5.52,7.07,8.08,NaN
-7.56,-6.64,NaN,-4.67,-3.86,-2.54,-0.84,0.0999999999999979,NaN,2.23,NaN,5.01,5.62,7.02,8.07,NaN
-7.7,-7.05,-6.13,-4.28,NaN,-2.1,-0.649999999999999,0.0300000000000011,NaN,NaN,NaN,4.87,5.61,6.83,8.14,NaN
-8,-6.42,NaN,NaN,-3.83,-2.08,-0.870000000000001,-0.0199999999999996,NaN,2.58,3.95,5.04,5.59,7.05,8.19,NaN
-7.62,-6.66,NaN,-4.36,NaN,-2.01,-0.690000000000001,0.0599999999999987,NaN,2.12,3.47,NaN,5.51,6.8,8.16,8.76
-7.66,-6.71,NaN,NaN,-3.84,-2.07,NaN,0.0799999999999983,NaN,2.27,NaN,4.82,5.65,7.03,8.07,NaN
-7.57,-7.01,-5.89,-4.55,-3.52,NaN,-0.829999999999998,0.0500000000000007,0.890000000000001,2.24,3.52,NaN,5.62,7.02,8.06,9.06
-8,NaN,-6.08,NaN,-3.6,-2.58,-0.699999999999999,0.0399999999999991,NaN,2.55,NaN,NaN,5.58,6.8,8.16,NaN
NaN,-6.7,NaN,NaN,-3.66,-1.76,NaN,0.199999999999999,NaN,2.23,3.7,5.02,NaN,7.21,8.2,9.01
-7.8,NaN,-5.97,-4.54,NaN,-2.15,-0.599999999999998,NaN,0.949999999999999,2.29,3.43,NaN,5.71,7.22,8.13,NaN
-7.76,NaN,-5.92,-4.51,NaN,-2.02,-0.710000000000001,0.129999999999999,0.809999999999999,2.32,3.62,NaN,5.65,7.04,8.01,9.05
-8,NaN,-6.09,-4.61,-3.76,-1.98,NaN,0.239999999999998,NaN,2.46,3.88,4.99,NaN,7.1,8.07,8.83
-7.6,-6.9,-5.92,NaN,-3.76,-2.11,-0.75,0.129999999999999,NaN,2.19,4.04,4.84,NaN,7.04,8.04,8.95
-8,NaN,-6.16,-4.61,-3.78,-2.12,-0.719999999999999,0.00999999999999801,1.12,2.35,4.02,4.87,NaN,7.26,8.16,9.06
NaN,-6.32,NaN,NaN,-3.75,NaN,-0.940000000000001,0.210000000000001,NaN,2.04,3.8,4.84,5.86,6.87,8.14,9.05
-7.93,NaN,-5.97,-4.4,-3.77,-2.1,-1,0.16,NaN,2.44,3.94,5.02,5.53,7.17,8.11,NaN
NaN,-6.36,NaN,NaN,-3.73,-1.97,-0.829999999999998,-0.0500000000000007,NaN,2.54,3.89,NaN,5.52,6.99,8.11,9.05
NaN,-6.35,NaN,NaN,-3.63,-1.87,-0.899999999999999,NaN,NaN,2.56,3.7,4.59,NaN,6.77,NaN,9.02
-7.56,-6.47,NaN,-4.64,-3.66,-2.16,-0.789999999999999,0.190000000000001,0.780000000000001,1.95,3.82,NaN,5.57,6.98,8.15,NaN
NaN,-6.41,NaN,-4.63,-3.66,-1.95,NaN,0.120000000000001,1,2.26,3.7,4.9,5.54,7.25,7.99,9.06
-7.93,-6.51,NaN,NaN,-3.73,-1.95,-0.800000000000001,NaN,0.969999999999999,2.26,4.03,4.73,5.58,6.97,8.07,9.06
-8,-6.68,-6.11,NaN,-3.9,-2.16,-0.759999999999998,NaN,NaN,2.35,3.43,4.96,5.5,6.93,NaN,8.95
-8,-6.78,NaN,-4.71,-3.71,-2.27,-0.800000000000001,0.219999999999999,NaN,2.35,3.89,NaN,5.68,7.12,8.13,NaN
-7.56,-6.67,-6.08,-4.55,-3.75,NaN,-0.73,0.190000000000001,NaN,2.28,3.8,NaN,5.72,6.95,8.25,9.05
NaN,NaN,-6.27,NaN,-4.09,NaN,-0.66,NaN,NaN,2.37,NaN,5.13,NaN,7.03,8.11,9.03
NaN,-6.86,-5.91,-4.59,-3.65,-1.89,-0.629999999999999,0.149999999999999,NaN,2.15,3.3,NaN,5.56,7.08,8.05,NaN
-8,NaN,-5.88,NaN,NaN,NaN,-0.84,-0.00999999999999801,NaN,2.27,4.1,NaN,5.62,7.14,8.07,8.82
-7.64,-6.98,-5.83,-4.13,NaN,-2.28,-0.759999999999998,-0.00999999999999801,NaN,2.26,NaN,NaN,5.42,7.13,8.22,9.04
-7.92,-6.55,NaN,-4.59,-3.78,-2.1,-0.699999999999999,-0.0300000000000011,1.27,2.5,3.36,4.82,NaN,6.88,8.04,8.72
-8,-6.62,NaN,-4.48,-3.98,-1.8,-0.899999999999999,0,1.03,2.27,3.99,4.92,NaN,6.85,8.05,NaN
-8,NaN,-5.94,-4.47,-3.56,-2.41,-0.849999999999998,NaN,NaN,2.22,3.71,4.94,5.6,7.09,8.16,9.02
-8,-6.64,-5.88,NaN,-3.66,-2,-0.739999999999998,0.0899999999999999,1.1,2.33,3.75,4.94,5.61,7.18,8.05,NaN
-7.92,-7.01,-6.06,-4.33,NaN,NaN,-0.699999999999999,0.16,NaN,2.29,4.15,5.02,NaN,NaN,8.08,NaN
-7.92,-6.61,NaN,NaN,-3.79,-1.72,NaN,0.0599999999999987,NaN,2.43,3.94,4.79,5.63,7.27,NaN,9.06
NaN,NaN,-6.02,-4.55,-3.81,-2.08,-0.77,0.0500000000000007,NaN,2.29,3.63,NaN,5.48,6.91,8.15,NaN
-8,NaN,-5.97,NaN,-3.46,-2.03,-0.77,0.210000000000001,NaN,1.84,3.81,5,5.58,7.14,8.11,8.69
-8,-6.52,NaN,-4.58,-3.64,-2.04,-0.739999999999998,0.0300000000000011,NaN,NaN,NaN,NaN,5.56,7.14,8.46,NaN
-7.8,-6.67,-5.95,NaN,-4.02,NaN,-0.66,0.0599999999999987,1.12,2.36,3.79,NaN,5.61,6.93,8.08,NaN
-7.76,-6.51,NaN,-4.5,-3.73,NaN,-0.75,-0.0399999999999991,NaN,2.45,NaN,4.76,5.96,6.74,NaN,NaN
NaN,-6.61,NaN,NaN,-3.79,-1.9,-0.989999999999998,-0.0899999999999999,NaN,2.46,NaN,4.86,5.63,7.21,8.09,9.06
NaN,-6.4,NaN,NaN,-3.73,NaN,-0.620000000000001,0.120000000000001,1.03,2.19,4.05,NaN,5.37,NaN,8.19,9.04
NaN,NaN,-6.03,NaN,-3.68,-1.93,-0.699999999999999,0.00999999999999801,0.849999999999998,2.28,3.99,NaN,5.67,7.08,8.08,8.94
NaN,-6.43,NaN,-4.8,NaN,-1.91,NaN,0.120000000000001,1.03,2.46,3.71,4.91,5.48,7.14,NaN,8.98
-7.88,-6.38,NaN,-4.35,NaN,-1.94,-0.73,0.0999999999999979,NaN,2.24,3.93,5.01,5.47,7.21,8.13,9.05
-7.57,-6.83,NaN,-4.53,NaN,-2.21,NaN,0.27,0.93,2.31,3.61,4.52,NaN,6.71,8.34,9.01
-8,-6.69,-5.84,NaN,-3.96,-2.28,-0.93,-0.0500000000000007,0.93,2.33,3.79,4.88,5.39,7.05,8.12,9.05
-8,-6.66,NaN,-4.86,-3.74,-1.96,NaN,0.129999999999999,NaN,2.48,4.21,4.85,NaN,7.01,8.15,NaN
-7.76,-6.78,-5.99,-4.45,NaN,-2.04,NaN,0.0599999999999987,NaN,2.14,NaN,NaN,5.54,7.03,8.12,NaN
NaN,NaN,-6.26,NaN,-3.75,-2.29,-0.739999999999998,0.0300000000000011,NaN,2.32,3.64,NaN,5.54,6.89,8.2,9.03
NaN,-6.37,NaN,NaN,-3.62,-2,-0.780000000000001,0.0199999999999996,NaN,2.33,3.47,4.85,5.63,7.17,8.05,9.05
NaN,-6.53,NaN,NaN,-3.66,-2.11,-0.91,0,NaN,2.55,4.01,NaN,NaN,7.19,8.1,9.06
-7.8,NaN,-6.07,-4.5,-3.63,-2.15,-0.739999999999998,-0.0500000000000007,NaN,2.22,NaN,NaN,5.43,6.95,8.06,8.97
-8,NaN,-6.03,-4.33,-4.01,-2.56,-0.77,0.0399999999999991,0.879999999999999,2.48,4.17,NaN,5.71,7.17,NaN,9.05
-7.92,NaN,-6.11,-4.48,-3.87,NaN,-0.690000000000001,0.190000000000001,NaN,2.14,NaN,NaN,6.07,6.94,8.16,NaN
NaN,-6.78,-5.9,NaN,-3.76,-2.59,-0.550000000000001,0.129999999999999,0.93,2.4,4.12,4.96,5.69,7.1,NaN,NaN
-7.76,-6.6,NaN,NaN,-3.93,-2.18,NaN,0.0799999999999983,NaN,2.15,NaN,5.16,NaN,7,8.26,9.01
NaN,NaN,-6.13,-4.66,NaN,-1.82,NaN,NaN,0.859999999999999,2.28,3.7,NaN,NaN,6.95,8.18,NaN
-8,-6.61,-5.81,-4.49,NaN,-2.32,-0.93,0.0399999999999991,NaN,2.38,4.25,5.08,6.06,6.95,8.14,NaN
NaN,-6.63,NaN,NaN,-3.86,-1.98,-0.809999999999999,0.129999999999999,NaN,2.13,NaN,NaN,5.5,7.1,NaN,9.02
NaN,-6.71,-6.22,NaN,-3.8,-2.24,-0.68,NaN,NaN,2.45,4,NaN,5.35,7.01,8.04,NaN
-7.69,-6.94,-5.92,-4.29,NaN,-2.14,NaN,0.169999999999998,NaN,2.23,3.49,NaN,5.47,6.84,NaN,8.9
-7.55,NaN,-6.08,NaN,-3.72,-2.4,-0.73,0.0199999999999996,NaN,2.35,3.86,NaN,NaN,6.88,7.97,NaN
-7.97,-6.46,NaN,NaN,-3.98,-2.21,NaN,-0.0700000000000003,1.01,2.32,3.84,NaN,5.73,7.08,8.13,NaN
-7.76,NaN,-6.16,NaN,-4.03,-2.08,NaN,-0.129999999999999,NaN,2.4,NaN,NaN,5.46,7.27,8.06,9.03
NaN,-6.98,-6.05,-4.49,NaN,-2.29,-0.759999999999998,NaN,0.75,2,3.94,NaN,5.56,7.22,8.05,NaN
-8,-7.03,-6.1,-4.57,NaN,-1.97,-0.780000000000001,-0.0300000000000011,NaN,2.35,NaN,NaN,5.48,7.02,NaN,8.98
-8,NaN,-5.89,-4.46,-3.43,-2.06,-0.710000000000001,NaN,NaN,2.38,3.67,NaN,5.62,7.11,7.96,8.68
-7.92,-6.95,NaN,-4.49,-3.68,-1.8,-0.75,0.219999999999999,0.859999999999999,2.24,4.01,4.81,5.69,7.25,NaN,9.05
NaN,-7.03,-6.08,NaN,-3.84,NaN,NaN,-0.00999999999999801,NaN,2.2,3.96,4.93,5.51,NaN,8.22,NaN
NaN,NaN,-6.1,NaN,-3.75,-2.27,-0.489999999999998,NaN,NaN,2.31,4.02,4.83,5.57,7.19,8.03,8.73
NaN,NaN,-6.01,-4.49,-3.35,-2.06,-0.609999999999999,0.129999999999999,1.18,2.26,3.47,4.91,NaN,6.72,NaN,8.71
-8,NaN,-6.01,-4.5,NaN,-2,-0.780000000000001,0.309999999999999,NaN,2.05,3.85,NaN,5.63,7.06,8.13,NaN
NaN,NaN,-6.13,NaN,-3.64,-2.27,-0.789999999999999,0.18,0.919999999999998,NaN,3.61,4.77,5.54,6.92,8.19,9.03
-8,-6.46,NaN,-4.5,NaN,NaN,-0.849999999999998,NaN,NaN,2.37,3.51,4.63,5.69,6.94,8.09,9.04
-7.92,-6.78,-5.83,-4.43,-3.75,-2.34,-0.699999999999999,0.0500000000000007,NaN,2.3,NaN,NaN,NaN,7.21,NaN,9.06
-8,-6.49,-6.02,-4.37,NaN,NaN,-0.739999999999998,0.00999999999999801,NaN,2.32,3.72,NaN,NaN,7.23,8.16,8.97
-7.56,-6.57,-5.95,NaN,NaN,NaN,-0.640000000000001,NaN,0.940000000000001,2.62,NaN,NaN,5.61,7.1,NaN,9.05
-7.57,NaN,-5.94,-4.89,NaN,-2.21,-0.870000000000001,0.16,0.899999999999999,2.42,NaN,4.93,5.53,NaN,8.02,NaN
-8,-6.66,-5.8,NaN,-3.68,-2.04,-0.690000000000001,-0.0999999999999979,NaN,2.28,NaN,NaN,5.5,6.98,8.11,NaN
-7.59,-7,-5.88,-4.31,-3.46,-2.14,NaN,0.0199999999999996,NaN,2.3,3.55,4.64,5.59,6.88,8.06,NaN
NaN,NaN,-5.97,NaN,-3.56,-2.11,NaN,0.16,NaN,2.37,3.99,NaN,5.78,6.79,8.27,NaN
-7.6,-6.71,NaN,NaN,-3.67,NaN,NaN,0.0399999999999991,NaN,2.16,3.89,5.04,5.63,7.07,8.19,9.03
NaN,NaN,-6.03,-4.56,NaN,-2.12,NaN,-0.00999999999999801,0.879999999999999,2.27,3.85,NaN,5.57,7.03,8.1,NaN
-7.92,-6.98,-5.89,NaN,NaN,-2.33,-0.550000000000001,-0.0199999999999996,NaN,2.3,3.51,4.83,5.7,6.82,8.19,NaN
NaN,-6.47,-5.83,-4.57,-3.64,-1.73,-0.870000000000001,0.0300000000000011,1.08,2.38,3.4,4.77,5.61,6.99,8.1,8.97
-8,-6.68,NaN,-4.47,-3.88,-2.22,-0.969999999999999,NaN,0.919999999999998,2.29,3.95,NaN,5.66,6.92,8.09,NaN
-7.78,-6.91,-5.92,NaN,-3.75,-2.11,-0.640000000000001,NaN,0.899999999999999,2.65,3.67,NaN,5.6,7.23,NaN,9.06
-8,NaN,-5.97,-4.4,-3.85,NaN,-0.759999999999998,-0.129999999999999,0.93,2.42,3.75,NaN,5.54,7.1,8.08,NaN
-7.8,-6.56,NaN,-4.57,NaN,-1.98,-0.809999999999999,NaN,0.969999999999999,2.36,4.05,5.03,NaN,6.99,8.08,8.93
NaN,-6.96,-6.1,-4.72,-3.76,-2.36,-1.09,0.190000000000001,0.890000000000001,2.2,3.94,NaN,5.6,6.79,8.25,NaN
-7.76,NaN,-6.25,NaN,-3.85,-2.41,-0.759999999999998,0.109999999999999,1.16,2.41,4.1,4.9,NaN,7.04,8.08,9.05
-7.8,-6.61,NaN,NaN,NaN,-2.14,NaN,0.129999999999999,0.849999999999998,2.46,3.73,NaN,5.36,6.81,8.03,NaN
-7.6,-6.35,NaN,NaN,-3.85,-2.06,-0.84,NaN,0.899999999999999,2.31,3.57,4.62,5.5,6.85,8.12,9.03
-8,-6.41,-6.1,-4.57,-3.77,-1.72,-0.849999999999998,0.0799999999999983,NaN,2.47,3.64,NaN,5.66,7.21,8.03,8.86
-7.93,NaN,-5.89,NaN,NaN,-2.15,-0.77,-0.0199999999999996,NaN,2.56,3.81,NaN,5.83,6.98,8.16,NaN
NaN,-6.6,-5.93,-4.54,-3.77,-2.12,-0.859999999999999,-0.00999999999999801,1.08,2.22,3.87,NaN,5.8,7.18,8.18,9.04
NaN,-7.01,-5.95,NaN,-3.74,-2.21,-0.649999999999999,0.140000000000001,0.98,2.26,3.91,4.8,5.93,7.16,7.99,8.95
NaN,-6.46,NaN,NaN,-4.02,-2.11,NaN,0.18,NaN,2.28,4.22,NaN,NaN,7.01,NaN,8.77
-8,NaN,-6.12,-4.55,NaN,-2.04,NaN,0.0500000000000007,1.03,2.5,3.57,NaN,5.48,6.97,8.06,8.79
-7.57,-6.57,NaN,NaN,-3.68,NaN,NaN,0.109999999999999,NaN,2.27,3.77,NaN,5.54,7.25,8.09,8.96
NaN,-6.5,-5.83,NaN,-3.66,-2.15,-0.77,-0.0500000000000007,NaN,2.26,3.92,4.94,NaN,6.85,NaN,8.81
-7.59,-6.48,NaN,NaN,-3.89,-2.66,-0.739999999999998,-0.0300000000000011,NaN,2.08,3.91,4.95,5.58,6.89,NaN,8.72
NaN,-6.9,NaN,NaN,-3.82,-1.8,-1.03,0.0700000000000003,0.879999999999999,2.37,3.88,4.94,5.54,6.82,8.02,8.83
-7.76,NaN,-6.02,-4.44,NaN,-2.2,-0.899999999999999,-0.0300000000000011,0.879999999999999,2.19,3.5,NaN,5.92,7.15,7.98,NaN
-7.66,-6.92,-5.94,NaN,NaN,-2.09,-0.989999999999998,0.0300000000000011,0.940000000000001,2.33,3.57,5.08,5.49,NaN,8.15,NaN
-7.8,-6.96,-6.11,NaN,-3.76,-1.99,NaN,0.199999999999999,NaN,1.87,3.75,5.04,5.58,7.02,8.25,NaN
NaN,-7.01,-6.02,NaN,-3.78,-2.5,NaN,0.0599999999999987,0.890000000000001,2.31,NaN,4.79,NaN,7.08,8.09,NaN
NaN,-6.44,NaN,NaN,-3.82,NaN,NaN,0.0599999999999987,1.07,2.28,NaN,NaN,5.35,7.04,8.16,9.03
NaN,-6.63,NaN,-4.49,-3.79,-2.26,NaN,0.140000000000001,0.960000000000001,2.35,3.77,4.91,5.61,7.22,8.18,9.05
NaN,-7.05,-6.03,-4.18,NaN,-2.25,NaN,NaN,NaN,2.41,3.88,NaN,5.51,6.82,8.13,NaN
-7.92,NaN,-6.16,NaN,-3.71,-2.17,NaN,0.16,NaN,2.39,3.87,4.97,NaN,7.26,8.05,9.03
-7.6,-6.69,-6.07,NaN,-3.77,-2.31,-0.870000000000001,NaN,NaN,2.29,3.94,NaN,5.62,6.93,NaN,NaN
-7.6,-6.82,-6.12,-4.41,NaN,-1.9,-0.66,-0.0300000000000011,NaN,2.4,3.71,4.81,5.52,6.93,8.21,NaN
NaN,-6.65,-5.83,-4.22,NaN,-1.79,-0.91,0.0199999999999996,NaN,NaN,3.92,NaN,5.65,7.12,8.2,NaN
-8,NaN,-5.89,NaN,-3.87,-1.96,-0.690000000000001,0,NaN,2.42,NaN,NaN,5.47,7.15,8.13,NaN
-7.58,-6.95,-6.1,NaN,-3.92,-2.26,NaN,0.00999999999999801,NaN,2.26,3.98,NaN,5.82,7.13,8.1,9.06
-7.93,-6.6,NaN,-4.21,NaN,-2.07,NaN,0.199999999999999,NaN,2.33,3.45,NaN,5.55,7.23,NaN,8.72
-8,NaN,-6.07,-4.6,-3.8,-2.19,-0.66,-0.00999999999999801,NaN,2.36,4,4.78,5.7,7.05,NaN,8.71
-8,-6.64,-5.96,-4.32,NaN,-1.82,-0.829999999999998,0.0300000000000011,NaN,2.44,4.16,NaN,5.85,6.95,8.03,NaN
-7.66,-6.78,-5.96,NaN,-3.66,-2.06,-0.849999999999998,0.190000000000001,NaN,2.28,3.5,NaN,5.82,7.03,8.1,NaN
NaN,-6.8,-5.83,NaN,-3.5,-2.08,NaN,0,0.879999999999999,2.19,4.19,NaN,5.47,7.22,7.98,8.98
NaN,-6.6,NaN,NaN,NaN,-1.92,NaN,0.0500000000000007,NaN,2.36,3.7,NaN,5.37,7.04,8.16,NaN
NaN,NaN,-6.16,-4.56,NaN,-1.7,NaN,NaN,NaN,2.24,3.85,NaN,5.89,6.97,8.1,9.05
NaN,NaN,-6.08,NaN,-3.77,-2.12,-0.629999999999999,-0.0799999999999983,NaN,2.48,3.58,4.88,5.64,7.05,8.03,8.85
NaN,-6.96,-6.15,NaN,-3.88,-1.84,-0.789999999999999,-0.120000000000001,NaN,2.39,3.57,NaN,5.6,6.95,8.06,NaN
NaN,-6.9,-5.97,-4.54,-3.98,-2.22,-0.809999999999999,0.0300000000000011,1.1,2.43,3.88,4.97,5.68,7.06,8.11,8.94
-7.6,-6.91,NaN,NaN,-3.8,-2.32,-1.02,0.0599999999999987,0.879999999999999,2.28,3.77,4.87,NaN,7.22,8.09,NaN
-7.89,-6.67,-5.83,-4.54,NaN,NaN,-0.710000000000001,0.0199999999999996,NaN,NaN,3.52,4.83,5.53,7.05,8.14,NaN
-8,-6.54,-6.04,NaN,-3.84,-2.47,-0.759999999999998,0.0199999999999996,1.01,2.31,3.91,4.89,5.69,7.18,8.38,NaN
-7.92,-6.56,NaN,-4.45,NaN,-2.62,-0.739999999999998,0.140000000000001,1.1,2.29,3.31,4.6,5.55,6.96,8.07,NaN
NaN,NaN,-6.03,NaN,-3.87,-2.16,-0.859999999999999,0.0799999999999983,NaN,2.39,4.1,NaN,5.58,6.94,8.12,NaN
-7.76,-6.4,NaN,NaN,-3.79,-2.23,-0.699999999999999,0,NaN,2.37,3.58,NaN,5.47,7.2,8.12,NaN
-7.56,-6.53,NaN,NaN,-3.7,-2.07,-0.710000000000001,0.199999999999999,NaN,2.27,3.87,4.9,NaN,7.07,8.12,8.93
-7.57,-6.74,NaN,NaN,-3.71,-2.45,NaN,0.149999999999999,0.949999999999999,2.34,3.86,NaN,5.54,7.04,8.11,NaN
-7.92,-6.59,NaN,-4.41,-3.87,-2.3,-0.780000000000001,0.16,NaN,NaN,NaN,4.95,NaN,7.04,8.06,NaN
NaN,NaN,-6.11,-4.49,NaN,NaN,NaN,0.169999999999998,0.879999999999999,2.4,3.65,4.71,NaN,6.93,8.07,8.97
-7.93,-6.52,NaN,NaN,-3.75,-2.23,-0.599999999999998,0.0399999999999991,0.969999999999999,2.35,3.74,NaN,5.42,7,8.21,9.01
-7.58,-7,-5.93,NaN,-3.86,-1.9,-0.710000000000001,0.0799999999999983,NaN,1.87,NaN,NaN,NaN,NaN,8.16,9.05
-8,NaN,-6.13,NaN,-3.89,-2.51,-0.890000000000001,NaN,NaN,2.31,3.64,4.47,5.73,7.04,8.13,NaN
NaN,-7.05,-6.3,NaN,-3.77,-2.07,-0.719999999999999,0.0899999999999999,0.91,1.99,4.25,NaN,NaN,6.94,7.96,NaN
NaN,-6.62,NaN,NaN,-3.94,-2.1,-0.719999999999999,NaN,NaN,2.46,3.49,4.5,NaN,7.06,8.09,NaN
-8,NaN,-5.94,NaN,-3.99,-2.23,-0.809999999999999,NaN,NaN,2.41,NaN,NaN,5.62,7.12,8.13,NaN
NaN,NaN,-6.16,-4.71,-3.71,-2.55,NaN,NaN,NaN,2.51,3.9,NaN,5.55,7.15,NaN,9.02
-7.76,-6.61,NaN,NaN,-3.55,-2.06,NaN,0.0700000000000003,NaN,2.37,4.24,4.91,NaN,6.97,8.16,9.05
-7.55,-6.44,NaN,-4.63,-3.7,-2.16,-0.84,0.149999999999999,NaN,2.32,3.76,NaN,5.65,7.08,8.01,9.06
-7.6,-6.86,-6.19,-4.5,NaN,-1.91,-0.890000000000001,0.149999999999999,NaN,NaN,4.18,4.75,5.92,6.91,8.1,NaN
-8,-6.56,NaN,NaN,-3.84,NaN,-0.599999999999998,0.109999999999999,0.919999999999998,2.43,3.67,NaN,5.6,6.83,8.31,NaN
-7.57,NaN,-5.96,NaN,-3.79,-2.25,-0.84,0.190000000000001,NaN,2.5,3.66,5.02,NaN,6.71,8.12,NaN
NaN,-6.61,NaN,NaN,-3.96,-2.17,-1.05,0.169999999999998,NaN,2.22,NaN,4.81,NaN,6.96,8.05,9.02
NaN,NaN,-5.94,-4.63,NaN,-2.48,-0.75,0.0399999999999991,NaN,2.57,3.56,NaN,5.66,7.11,8.12,NaN
-7.92,-7.04,-5.95,NaN,-3.81,-2.23,-0.5,0.0500000000000007,NaN,2.18,3.99,4.93,5.4,6.72,NaN,8.94
-8,NaN,-6.1,NaN,-3.81,-2.4,NaN,0.190000000000001,NaN,2.37,NaN,NaN,NaN,7.22,8.13,8.93
NaN,NaN,-5.93,NaN,-3.74,NaN,-0.649999999999999,-0.0199999999999996,NaN,2.28,3.61,NaN,NaN,7.26,8.18,NaN
NaN,-6.95,-5.91,-4.6,NaN,-1.95,-0.719999999999999,NaN,NaN,2.31,NaN,4.96,5.54,7.1,8.21,NaN
-8,NaN,-5.85,NaN,-3.85,-2.04,-0.739999999999998,0.0799999999999983,0.899999999999999,2.52,4.04,NaN,5.5,7.18,8.28,NaN
-7.56,NaN,-5.99,NaN,-3.77,-2.5,-0.669999999999998,-0.0500000000000007,0.75,2.08,3.67,4.93,5.61,7.11,8.13,NaN
-7.59,-6.7,NaN,-4.55,NaN,-2.04,NaN,0.18,NaN,2.29,NaN,4.72,5.67,7.09,8.06,NaN
-8,-6.86,-5.9,NaN,-3.7,-2.09,-0.919999999999998,0.0300000000000011,NaN,2.37,3.69,4.96,5.62,7.13,8.09,8.91
NaN,-6.89,-6.07,NaN,-3.98,-2.15,-0.73,0.0700000000000003,NaN,1.97,NaN,NaN,5.81,7.28,8.13,9.01
-7.6,-6.6,-6.05,-4.52,NaN,-2.37,-0.859999999999999,0.239999999999998,NaN,NaN,4.09,NaN,5.52,7.19,8.06,NaN
-7.66,NaN,-6.08,NaN,-3.91,-2.32,-0.870000000000001,NaN,0.960000000000001,2.4,3.7,4.96,5.6,7.09,7.89,8.74
-8,NaN,-6.2,-4.43,-3.57,-2.43,-0.849999999999998,0.169999999999998,0.809999999999999,2.24,3.55,4.58,5.65,7.02,8.06,9.06
NaN,-7,-6.05,NaN,-3.73,-2.19,-0.640000000000001,0.0599999999999987,0.98,2.19,4.17,4.93,5.69,7.01,8.26,NaN
-7.92,NaN,-6.23,-4.47,-4,-2.21,-0.649999999999999,0.0300000000000011,NaN,2.21,3.83,4.83,NaN,7.03,8.01,9.01
NaN,-6.69,NaN,NaN,-3.79,-1.83,-0.849999999999998,0.149999999999999,NaN,2.24,3.97,NaN,5.88,7.02,8.12,NaN
-7.76,-6.51,-5.95,NaN,-3.76,-2.62,-0.829999999999998,0.0899999999999999,0.890000000000001,2.32,3.94,4.88,NaN,NaN,NaN,8.95
-7.57,-6.64,-5.86,-4.56,NaN,-1.99,-0.849999999999998,NaN,1.05,2.58,3.49,NaN,5.52,6.94,8.02,NaN
NaN,-6.94,-5.94,NaN,-3.66,-2.39,NaN,0.0799999999999983,NaN,2.24,4.22,NaN,5.6,7.09,8.07,NaN
-7.8,-6.82,NaN,NaN,-3.91,-2.28,-0.629999999999999,NaN,NaN,2.27,NaN,4.58,5.52,6.87,8.09,NaN
NaN,-6.74,NaN,-4.55,NaN,-2.03,-0.899999999999999,0.0999999999999979,NaN,2.26,3.93,4.87,5.52,7.35,8.2,9.01
NaN,NaN,-5.93,NaN,NaN,-1.93,-0.870000000000001,0.0700000000000003,0.879999999999999,2.4,3.36,NaN,5.5,7.21,8.08,9.02
NaN,NaN,-6.22,NaN,-3.79,-2.38,-0.899999999999999,NaN,NaN,2.51,4.06,NaN,5.61,NaN,8.16,NaN
-8,-6.53,NaN,NaN,-3.85,-1.7,NaN,0.00999999999999801,NaN,2.28,3.79,4.77,NaN,6.72,NaN,8.97
-8,-6.51,NaN,NaN,-3.73,-2.1,-0.690000000000001,0,NaN,2.39,3.87,4.8,5.67,7.26,NaN,NaN
NaN,-6.91,-5.82,NaN,-3.8,-2.64,-0.690000000000001,0.0300000000000011,0.940000000000001,2.22,4.04,4.97,5.58,6.97,8.16,8.99
NaN,-7.04,-6.13,NaN,NaN,NaN,-0.960000000000001,-0.149999999999999,NaN,2.77,3.58,4.83,5.4,6.92,7.95,9.05
NaN,-6.91,-5.92,NaN,-3.75,-2.15,-0.609999999999999,0.0899999999999999,1.01,2.29,4.1,4.91,5.44,7.26,8.08,8.98
-7.57,-6.4,NaN,-4.58,NaN,-1.96,NaN,0.18,NaN,2.32,3.76,4.89,5.75,7.28,8.07,9.05
NaN,NaN,-6.01,-4.5,-3.79,NaN,-0.879999999999999,0.0899999999999999,NaN,2.38,3.89,NaN,5.45,7.23,8.17,8.94
-8,NaN,-5.95,NaN,-3.95,-2.14,-0.690000000000001,0.0199999999999996,NaN,2.38,4.15,NaN,5.54,7,8.06,8.74
-7.66,NaN,-6.3,-4.48,-3.82,NaN,NaN,0.0999999999999979,NaN,2.32,4.04,4.82,5.98,NaN,8.17,9
-7.76,NaN,-5.97,NaN,-3.74,-2.51,-0.66,0.0799999999999983,0.949999999999999,2.31,NaN,NaN,5.73,6.7,NaN,8.98
-8,NaN,-5.92,-4.56,NaN,-2.19,-0.75,0.0599999999999987,1.01,2.02,3.92,4.97,5.55,6.93,NaN,8.86
-8,-6.5,NaN,-4.65,-3.7,-2.21,-0.690000000000001,NaN,0.969999999999999,2.27,3.58,NaN,5.56,6.99,8.16,NaN
NaN,-6.64,NaN,NaN,-3.79,-2.33,-0.789999999999999,0.27,NaN,NaN,3.68,NaN,5.5,6.97,8.11,8.96
-8,-6.56,-6.04,NaN,-3.67,NaN,-0.809999999999999,0.0799999999999983,NaN,2.3,3.87,4.83,NaN,6.94,7.99,8.68
-7.66,NaN,-6.04,-4.52,-3.69,-2.66,-0.93,0.149999999999999,0.879999999999999,2.34,3.39,4.95,5.78,7.1,8.17,8.88
-8,-6.48,-5.98,NaN,-4.09,-2.18,-0.84,0.120000000000001,NaN,2.32,3.92,NaN,NaN,6.86,8.09,9.06
-8,NaN,-6.03,NaN,-4.01,-2.56,-0.800000000000001,0.0399999999999991,NaN,2.18,3.75,NaN,5.61,7.1,8.08,8.95
-8,NaN,-5.86,NaN,-3.61,-2.08,-0.789999999999999,0.120000000000001,0.899999999999999,2.4,3.82,NaN,NaN,7.09,8.13,NaN
-8,-6.65,-5.84,-4.5,-3.79,-1.99,-0.890000000000001,0.0500000000000007,NaN,2.25,3.71,NaN,5.8,7.36,8.24,9.05
-8,-6.35,NaN,NaN,-3.73,-2.01,-0.710000000000001,0.0700000000000003,NaN,2.38,3.62,NaN,NaN,7.19,NaN,8.98
-8,-6.63,-5.98,-4.41,NaN,-2.02,-0.960000000000001,-0.0199999999999996,NaN,1.98,NaN,NaN,5.52,6.94,NaN,9.02
-8,-6.43,NaN,NaN,-3.74,-2.02,-0.940000000000001,0.0300000000000011,1.02,2.44,3.76,4.65,5.95,6.97,8.16,NaN
NaN,-6.55,-5.86,NaN,-3.65,-2.23,-0.800000000000001,-0.0199999999999996,1,2.36,4.2,4.91,NaN,7.19,8.1,9.01
-7.92,-6.67,NaN,NaN,NaN,-2.08,NaN,0.169999999999998,0.879999999999999,2.2,3.93,NaN,5.75,6.95,8.26,NaN
NaN,-6.91,-5.91,NaN,-3.63,-2.05,-0.719999999999999,-0.00999999999999801,NaN,1.93,3.7,NaN,5.48,NaN,8.06,NaN
-7.57,-6.81,-5.85,-4.65,NaN,-1.76,-1.12,0.120000000000001,NaN,2.45,3.64,NaN,5.55,7.06,8.04,NaN
NaN,-7.03,NaN,NaN,-3.88,-1.87,NaN,0.109999999999999,NaN,2.69,NaN,4.47,5.52,6.71,8.41,NaN
-7.56,-6.64,NaN,NaN,-3.76,-2.34,-0.75,0.0700000000000003,0.879999999999999,2.03,3.34,4.72,5.55,7,8.16,9.04
-7.57,-6.56,NaN,-4.47,NaN,-1.95,-0.759999999999998,0.0500000000000007,NaN,2.2,NaN,NaN,NaN,7.38,8.01,9.03
-8,-7.05,-6.29,NaN,-3.66,-1.9,-0.620000000000001,-0.0799999999999983,NaN,2.33,4.16,NaN,5.61,6.96,8.13,NaN
-7.76,-6.91,-6.06,NaN,-4.02,-2.26,-0.75,-0.0399999999999991,NaN,2.46,3.73,NaN,6.03,6.98,8.39,NaN
-7.56,-6.65,NaN,NaN,-3.81,-2.23,-0.759999999999998,-0.18,0.98,2.39,4.15,4.88,6.03,7.15,8.16,9.05
-7.8,-6.39,NaN,NaN,NaN,-2.22,-0.890000000000001,0.190000000000001,0.890000000000001,2.54,3.8,NaN,NaN,6.9,8.08,NaN
NaN,NaN,-5.93,-4.6,-3.76,NaN,-0.599999999999998,0.0199999999999996,NaN,2.37,4.16,NaN,5.59,6.76,8.13,NaN
-8,NaN,-6.03,-4.57,-3.68,-2.41,-0.649999999999999,-0.0999999999999979,NaN,2.39,NaN,4.85,6.07,NaN,8.17,NaN
NaN,-6.88,NaN,-4.39,NaN,-2.28,-0.98,-0.0199999999999996,NaN,2.55,3.46,NaN,5.46,7.12,8.15,9.03
-7.93,-6.36,NaN,NaN,-3.89,-1.82,NaN,-0.359999999999999,1.03,2.49,NaN,NaN,NaN,7.11,8,9.01
-7.92,-6.95,NaN,NaN,-3.89,-2.3,-0.809999999999999,0.199999999999999,0.919999999999998,2.23,3.61,NaN,5.56,6.87,8.19,NaN
-7.66,-6.67,NaN,NaN,-3.7,-2.13,-0.599999999999998,0.16,NaN,2.27,3.93,5.05,5.5,7.03,8.13,8.61
-8,NaN,-6.18,NaN,-3.73,-2.1,-0.739999999999998,0.140000000000001,NaN,2.17,NaN,4.91,5.93,NaN,8.26,9.05
-7.76,-7.03,-6.23,NaN,-3.84,-2.23,-0.919999999999998,0.219999999999999,NaN,2.33,4.11,NaN,5.5,NaN,8.19,NaN
-7.92,-6.58,-5.89,-4.4,NaN,-2.63,-0.739999999999998,0.129999999999999,NaN,2.19,NaN,NaN,5.53,7.16,7.99,NaN
-7.92,-6.89,-5.99,-4.42,NaN,-2.18,-0.849999999999998,0,NaN,2.21,3.92,NaN,5.7,6.97,8.09,NaN
-7.92,-6.72,-5.94,-4.5,NaN,-1.93,-0.859999999999999,0.0300000000000011,NaN,2.32,3.31,4.93,5.55,7,8,NaN
NaN,NaN,-6.03,NaN,-3.59,-2.13,-0.809999999999999,0.0599999999999987,NaN,2.39,3.86,NaN,5.54,7.2,8.12,8.96
-7.56,NaN,-6.17,NaN,-3.84,-1.82,-0.699999999999999,NaN,NaN,2.36,3.7,NaN,5.53,6.89,8.05,NaN
-7.76,-6.71,-5.98,NaN,NaN,-1.99,-0.969999999999999,-0.120000000000001,1,2.36,3.79,4.93,5.85,NaN,8.43,NaN
-7.57,-6.38,NaN,NaN,-4.04,-2.27,-0.859999999999999,-0.0500000000000007,NaN,2.34,4.01,4.88,6.07,6.9,8.1,NaN
NaN,-6.81,-5.92,-4.68,NaN,-2.15,-0.73,NaN,NaN,2.39,4.19,NaN,5.35,6.74,8.08,NaN
-7.66,NaN,-5.97,NaN,-3.69,-2.44,-0.829999999999998,0.169999999999998,NaN,2.32,3.61,4.89,5.59,7.05,8.23,NaN
-8,-6.59,-6.01,-4.34,NaN,-1.85,-0.789999999999999,0.00999999999999801,NaN,1.95,3.54,NaN,5.54,6.98,8.04,NaN
-8,-6.66,-5.95,-4.44,NaN,-2.11,NaN,0.210000000000001,NaN,2.16,3.99,4.93,5.6,7.11,8,8.95
-8,NaN,-5.94,NaN,-3.55,-2.48,-0.669999999999998,0.0999999999999979,NaN,2.29,NaN,4.84,NaN,6.94,NaN,8.75
NaN,-6.59,NaN,NaN,-3.75,-2.1,-0.629999999999999,0.0399999999999991,NaN,2.39,NaN,NaN,5.7,6.76,8.21,9
NaN,-6.87,-5.96,-4.35,-3.8,-2.08,NaN,0.210000000000001,NaN,2.31,4.01,5,NaN,7.35,8.06,9.03
NaN,NaN,-5.86,-4.57,NaN,-2.08,-0.66,0.140000000000001,NaN,2.17,3.32,5.04,NaN,7.07,8.03,8.73
-7.76,NaN,-6.28,NaN,-3.59,-1.88,-0.82,0.149999999999999,NaN,2.32,3.33,NaN,5.42,6.97,8.21,NaN
-8,NaN,-6.05,-4.48,NaN,-2.35,-0.789999999999999,0.0899999999999999,NaN,2.67,3.79,4.88,5.61,7.13,8.08,9.01
-7.58,-6.94,-5.81,-4.34,-3.75,-2.16,-1.08,0.0899999999999999,1.04,2.28,3.58,5.01,NaN,7.17,NaN,8.86
NaN,-6.38,NaN,-4.53,NaN,-2.23,NaN,0.18,0.98,2.24,NaN,4.89,6.05,6.87,8.18,NaN
-8,NaN,-6.16,-4.18,NaN,-2.17,-0.48,0.0199999999999996,NaN,2.38,3.97,4.65,6.07,7.08,8.1,NaN
-7.93,-6.92,-5.86,-4.43,NaN,-2.21,-0.739999999999998,0.0999999999999979,NaN,2.43,3.89,NaN,5.59,7.1,7.99,9.06
-7.76,-6.5,NaN,NaN,-3.72,-2.6,-0.93,0.0700000000000003,0.960000000000001,2.22,4.26,NaN,6.03,7.08,8.09,NaN
-7.8,-6.44,NaN,NaN,-3.78,NaN,NaN,NaN,NaN,2.32,NaN,NaN,5.58,7.22,8.14,8.81
-7.57,-7,-6.01,NaN,-3.74,-2.27,NaN,0.23,NaN,2.46,3.57,4.92,NaN,NaN,NaN,8.86
-8,NaN,-6.18,NaN,-3.92,-2.05,-0.77,-0.0300000000000011,NaN,2.44,3.64,NaN,5.87,7.21,8.09,8.9
NaN,NaN,-6.26,NaN,-3.74,-2.18,-0.66,-0.0300000000000011,NaN,2.46,3.92,4.94,5.64,6.97,8.1,8.97
-8,-6.51,-6.23,-4.42,-3.85,-2.15,-0.960000000000001,-0.109999999999999,NaN,2.36,3.42,4.93,NaN,7.01,NaN,8.74
-8,-6.69,-5.92,NaN,-3.86,-2.12,-0.879999999999999,0.0799999999999983,NaN,2.02,3.84,NaN,5.53,7.06,8.14,8.85
-7.57,NaN,-6.14,NaN,-3.75,-1.92,-0.899999999999999,NaN,0.899999999999999,2.42,3.89,4.9,5.58,6.98,8.19,NaN
-7.8,NaN,-6.08,NaN,-3.81,-2.03,-0.789999999999999,0.0300000000000011,0.989999999999998,2.26,4.12,4.95,5.96,6.95,8.19,NaN
-8,-6.88,NaN,-4.55,NaN,-2.17,NaN,0.0300000000000011,0.960000000000001,2.52,3.78,NaN,NaN,7.17,NaN,8.9
NaN,NaN,-5.91,NaN,-3.35,-2.2,-0.75,-0.0399999999999991,0.949999999999999,2.11,4,NaN,5.39,6.82,NaN,8.75
-8,NaN,-6.08,NaN,-4.02,-2.17,-0.629999999999999,0.149999999999999,NaN,2.41,3.88,NaN,5.68,7.17,8.02,9.06
-7.57,-6.68,NaN,NaN,-3.85,-2.19,-0.989999999999998,0.25,NaN,2.61,3.96,NaN,5.58,7.06,8.34,8.99
NaN,-7.04,-5.95,-4.73,NaN,-2.17,-0.68,0.0399999999999991,NaN,NaN,3.92,NaN,5.55,6.8,8.19,NaN
NaN,-6.32,NaN,-4.62,-3.71,-2.19,-0.75,0.0999999999999979,0.899999999999999,2.19,3.54,4.62,5.55,6.97,7.93,8.98
NaN,-6.59,NaN,-4.62,NaN,-2.1,-0.829999999999998,NaN,NaN,2.51,3.86,5.06,5.58,6.9,8.17,NaN
-7.76,-6.64,-5.99,-4.39,NaN,-2.22,-0.73,0.0700000000000003,NaN,NaN,4.23,NaN,5.52,7.09,8.11,8.79
-7.58,-6.82,NaN,NaN,-3.55,-2.08,-0.849999999999998,0.109999999999999,0.93,2.25,4.16,4.95,NaN,7.35,NaN,9.04
-7.58,NaN,-6.12,-4.5,NaN,NaN,-0.919999999999998,0.169999999999998,NaN,2.27,4.12,NaN,5.88,7.45,NaN,9.06
-7.66,-6.75,-6,-4.42,-3.94,-1.76,-1.05,NaN,NaN,2.17,3.35,4.96,NaN,7.03,8.14,NaN
-7.92,NaN,-6.26,-4.51,-3.59,-2.02,-0.879999999999999,0.169999999999998,NaN,2.48,3.49,NaN,5.52,6.98,7.99,9.06
-8,NaN,-6.06,-4.58,NaN,-2.06,-0.789999999999999,NaN,0.91,2.28,NaN,NaN,NaN,6.65,8.47,9.05
-7.8,-7.02,-5.89,-4.14,NaN,-2.09,NaN,0.210000000000001,0.969999999999999,2.4,3.56,NaN,5.54,7.08,8.22,NaN
-7.76,-6.33,NaN,NaN,-3.82,-2.13,NaN,0.0399999999999991,NaN,2.19,4.04,4.99,5.87,7.28,8.14,8.94
-8,NaN,-6.03,-4.5,NaN,-2.6,-0.789999999999999,NaN,NaN,2.54,3.54,NaN,5.44,6.98,8.12,NaN
-7.93,NaN,-6.12,-4.41,-4.02,-2.32,-0.599999999999998,0.18,1.04,2.55,3.99,4.99,NaN,7.14,8.09,NaN
NaN,-6.86,NaN,NaN,-3.85,-1.91,-0.780000000000001,0.0399999999999991,NaN,2.34,3.3,4.88,5.63,6.99,8.1,NaN
-7.57,-6.59,NaN,-4.65,NaN,NaN,-0.859999999999999,0.0399999999999991,0.940000000000001,2.38,3.99,NaN,NaN,6.98,8.11,8.96
NaN,-6.59,-6.13,NaN,-3.65,-2.06,-0.829999999999998,NaN,0.940000000000001,2.32,NaN,NaN,5.48,7.18,8.08,8.88
-7.66,NaN,-5.92,-4.26,-3.59,-2,-0.669999999999998,NaN,0.849999999999998,2.15,4.06,4.87,5.57,6.98,8.32,NaN
-7.61,-6.87,-6.04,-4.23,NaN,-2.04,-0.800000000000001,0.289999999999999,NaN,2.13,3.66,NaN,5.67,6.96,8.1,8.93
-8,-6.73,NaN,NaN,-3.79,-2.03,-0.73,-0.129999999999999,0.960000000000001,2.4,4.05,NaN,5.51,7.01,8.14,NaN
-8,-6.63,NaN,NaN,-3.66,-2.04,-0.719999999999999,0.0700000000000003,NaN,2.57,3.31,5,5.44,7.1,NaN,8.9
NaN,-6.62,NaN,-4.65,NaN,NaN,-0.73,0.0500000000000007,1.32,2.43,3.66,4.82,5.63,7.18,8.17,NaN
NaN,-7.03,-5.89,NaN,-3.93,-2.05,-0.789999999999999,0.0500000000000007,NaN,2.46,4.12,NaN,5.43,6.82,8.14,NaN
-8,NaN,-5.96,-4.64,-3.96,-1.92,NaN,0.0199999999999996,0.98,2.22,NaN,4.75,5.51,6.81,8.16,NaN
-7.67,-6.69,NaN,-4.49,-3.31,-1.95,-0.75,NaN,NaN,2.31,3.74,4.87,5.55,7.19,8.13,8.83
-8,-6.77,-5.86,-4.51,-3.72,-2.07,-0.91,NaN,0.849999999999998,2.43,3.33,4.75,5.55,NaN,NaN,8.75
-7.8,-6.34,NaN,NaN,-4.03,-2.15,NaN,0.0999999999999979,1.01,2.34,3.9,4.87,5.64,6.71,8.28,9.02
NaN,NaN,-6.09,NaN,NaN,-2.01,-0.75,0,NaN,2.4,3.84,NaN,5.54,6.66,8.32,NaN
-7.6,NaN,-6.02,-4.49,NaN,-2.4,-0.919999999999998,NaN,0.809999999999999,2.27,3.8,5.02,NaN,7.07,8.19,9.05
-7.93,-6.69,NaN,NaN,-3.83,-2.24,-0.68,-0.0300000000000011,1.04,2.36,3.81,NaN,NaN,7.06,8.07,9.06
NaN,-6.44,NaN,NaN,-3.48,-2.1,NaN,-0.0199999999999996,NaN,2.29,4.2,NaN,5.33,6.98,8.18,NaN
-8,NaN,-6,-4.22,NaN,-2.01,-0.93,0.129999999999999,NaN,2.51,3.7,4.87,5.6,7.2,8.11,8.96
-7.76,-6.61,NaN,-4.49,NaN,NaN,-0.789999999999999,NaN,0.870000000000001,2.31,3.96,4.82,NaN,6.96,8.04,8.97
NaN,-7.03,-6.03,NaN,-3.82,-2.4,-0.919999999999998,0.0199999999999996,NaN,2.34,4.02,NaN,5.54,6.79,8.06,NaN
-7.92,-6.97,-5.96,NaN,-3.7,-1.97,NaN,-0.300000000000001,NaN,2.5,3.58,4.65,5.48,7.13,NaN,8.9
-8,-6.62,NaN,NaN,-3.78,-2.18,-0.780000000000001,0.0300000000000011,0.940000000000001,2.18,4.16,NaN,5.62,7.21,8.18,NaN
-7.92,-6.52,NaN,NaN,-3.68,-1.76,-0.890000000000001,0.00999999999999801,NaN,2.53,4.03,NaN,5.75,7.05,8.14,NaN
-8,-6.63,-5.91,-4.57,-3.88,-1.97,-0.759999999999998,0,NaN,NaN,4.04,4.91,5.96,6.94,8.1,NaN
NaN,-6.96,NaN,NaN,-3.79,NaN,-0.789999999999999,0.0799999999999983,NaN,2.39,NaN,NaN,NaN,6.78,8,8.98
-7.76,-6.86,NaN,NaN,-3.79,-2.11,-0.849999999999998,-0.00999999999999801,NaN,2.19,NaN,4.87,5.58,7.28,NaN,9.04
NaN,NaN,-6.22,-4.54,NaN,-1.99,-0.690000000000001,0.00999999999999801,NaN,1.86,3.78,5.01,5.56,6.94,8.03,8.95
NaN,-6.87,NaN,-4.9,-3.81,-1.84,NaN,0.140000000000001,0.960000000000001,2.31,4.13,NaN,5.83,6.87,7.98,NaN
-7.92,NaN,-6.1,NaN,-3.83,NaN,-1.04,0.0300000000000011,1.05,2.35,3.36,NaN,5.56,7.04,8.08,8.95
-7.57,NaN,-6.29,NaN,-4.1,-2.12,-0.859999999999999,0.169999999999998,NaN,2.23,4.22,NaN,5.92,7.32,NaN,9.02
NaN,NaN,-6.19,-4.63,-3.54,-2.18,NaN,0.149999999999999,0.859999999999999,2.23,4.19,NaN,NaN,6.88,NaN,9.06
NaN,-6.91,-5.99,NaN,-3.53,-2.13,-0.710000000000001,0.16,NaN,2,3.79,5,5.75,7.4,NaN,NaN
-8,-6.58,-6.06,-4.14,NaN,-2.06,NaN,0.0700000000000003,NaN,2.36,3.32,4.9,NaN,6.95,8.11,NaN
-8,NaN,-6.03,NaN,-4.07,-2.56,-0.800000000000001,-0.0199999999999996,NaN,2.2,4.05,NaN,5.75,7.14,8.1,NaN
-7.6,-7,-5.89,NaN,-3.84,-2.13,-0.829999999999998,0.190000000000001,NaN,2.32,4.01,4.89,5.37,7.16,8.08,9.05
-8,NaN,-6.25,NaN,-3.87,-2.06,-0.859999999999999,0.0300000000000011,NaN,2.35,NaN,NaN,5.62,7.35,8.06,9.04
NaN,-6.84,NaN,-4.48,NaN,NaN,-0.949999999999999,0.149999999999999,NaN,2.42,NaN,4.59,5.6,7.12,8.08,9.06
-8,-6.57,NaN,-4.67,-3.72,-2.18,-0.460000000000001,NaN,0.960000000000001,2.26,4.04,5.04,NaN,NaN,8.19,NaN
-8,NaN,-5.92,-4.51,-3.73,-2.06,-0.780000000000001,0.120000000000001,1.08,2.39,3.54,5.02,NaN,6.95,8.12,NaN
-7.53,-6.37,NaN,NaN,-3.88,-2.26,-0.719999999999999,NaN,0.969999999999999,2.37,3.83,4.57,5.44,6.92,8.25,9.05
NaN,NaN,-5.92,NaN,NaN,-2.27,NaN,0.120000000000001,NaN,2.68,3.59,NaN,5.56,7.04,7.93,8.73
-8,-6.54,-5.78,NaN,-3.84,-2.27,-0.960000000000001,-0.0199999999999996,NaN,2.39,NaN,5.02,NaN,7.15,8.07,8.93
-7.62,-6.78,-6.01,-4.33,-3.67,-2.17,-0.800000000000001,0.190000000000001,NaN,2.32,NaN,5.05,5.53,7.27,8.05,8.97
-7.63,-6.68,NaN,NaN,-3.86,-2.34,-1.01,0.00999999999999801,0.940000000000001,2.44,3.53,NaN,5.53,7.23,8.1,9.03
-7.8,-6.71,-5.9,NaN,NaN,-2.01,-0.759999999999998,NaN,NaN,2.4,4.08,NaN,5.71,7.12,8.03,9.06
NaN,-6.53,-5.92,-4.52,-3.68,-2.14,-0.789999999999999,0.109999999999999,1,2.21,3.65,4.51,5.52,7.02,8.1,9
-7.8,NaN,-6.24,NaN,NaN,-2.14,-0.68,0.0799999999999983,NaN,2.2,4.12,NaN,5.66,NaN,8.25,8.9
-7.61,-6.76,NaN,NaN,-3.91,-2.64,-0.789999999999999,0.0399999999999991,NaN,2.4,3.44,NaN,5.52,7.05,8.11,NaN
-7.76,NaN,-5.95,NaN,-3.84,-2.29,-0.539999999999999,0.00999999999999801,NaN,2.2,4.26,4.84,NaN,7.17,NaN,8.61
NaN,NaN,-5.96,NaN,-3.77,-2.23,-0.759999999999998,0.129999999999999,NaN,2.23,4.04,4.9,NaN,6.96,8.08,8.87
-8,-6.58,NaN,-4.46,NaN,-1.86,-0.829999999999998,-0.0599999999999987,NaN,NaN,NaN,4.48,5.53,7,NaN,9.06
NaN,-6.53,NaN,NaN,-3.61,-2.1,-0.849999999999998,0.120000000000001,NaN,2.54,NaN,4.76,NaN,6.74,8.05,NaN
NaN,-6.94,-5.9,NaN,-3.78,-2.41,-0.859999999999999,-0.00999999999999801,NaN,2.28,4.22,4.93,5.56,NaN,NaN,8.71
-7.55,NaN,-6.29,NaN,NaN,-1.9,-0.620000000000001,0.0999999999999979,0.809999999999999,2.49,3.69,4.8,5.55,7.11,8.15,NaN
NaN,-6.76,NaN,NaN,NaN,-2.16,-0.699999999999999,0.23,NaN,2.05,4.02,NaN,NaN,NaN,8.19,9.06
-7.66,NaN,-6.03,NaN,-4.09,-1.83,NaN,0.169999999999998,NaN,2.14,3.68,5,NaN,6.89,8.15,9.06
NaN,-7.04,NaN,-4.39,-3.84,-2.17,-0.75,0.210000000000001,0.879999999999999,2.28,3.42,4.94,NaN,NaN,8.13,NaN
-7.8,-6.5,NaN,-4.56,NaN,-2.15,-0.789999999999999,NaN,0.870000000000001,2.5,3.8,4.8,5.56,6.71,8.27,NaN
NaN,-6.93,-6.09,-4.33,NaN,-2.07,-0.739999999999998,-0.00999999999999801,1.02,2.31,3.83,NaN,5.64,7.08,8.13,9.01
NaN,-6.93,NaN,NaN,-3.7,-2.12,NaN,0.259999999999998,NaN,2.54,4.09,4.92,5.61,7.21,8.16,8.99
-8,-6.55,NaN,-4.54,-3.74,-2.24,-0.620000000000001,0.0599999999999987,NaN,2.26,4.06,4.89,NaN,7.16,8.16,8.96
-7.57,NaN,-5.91,-4.45,-3.5,-2.12,-0.66,0.00999999999999801,NaN,2.46,3.89,5.02,5.6,7.06,8.15,NaN
-7.95,NaN,-5.98,NaN,-4.06,-2.16,-0.899999999999999,0.0899999999999999,NaN,2.21,3.8,NaN,5.52,7.2,8.11,9.01
NaN,NaN,-6.05,NaN,-3.76,-2.56,-1.11,-0.00999999999999801,0.949999999999999,2.45,NaN,NaN,6.06,7.24,NaN,9.06
-7.76,-7.03,-5.91,-4.32,NaN,NaN,-0.690000000000001,0.0300000000000011,NaN,2.31,NaN,4.73,5.49,6.97,8.14,NaN
-7.56,NaN,-5.99,NaN,-4,-1.98,-0.68,0.16,0.870000000000001,2.28,3.98,NaN,5.66,7.01,8.12,9.05
-7.92,-6.95,-6.06,NaN,-3.44,-2.66,-0.870000000000001,0.18,NaN,2.27,3.97,4.73,5.68,6.56,8.21,9.05
NaN,NaN,-6.12,NaN,-3.79,-2.27,-0.739999999999998,-0.00999999999999801,NaN,2.28,3.77,4.93,5.57,6.98,8.1,8.95
-7.93,-6.98,-5.94,-4.32,NaN,-2.05,-0.68,-0.0300000000000011,NaN,2.46,3.43,4.87,5.49,6.88,8.04,8.98
-8,-6.56,-5.9,NaN,-3.73,-2.53,-0.68,0.120000000000001,0.859999999999999,2.34,3.31,NaN,5.63,7.15,8.08,NaN
-7.63,-6.71,NaN,NaN,-3.94,NaN,-0.780000000000001,NaN,0.859999999999999,2.58,3.76,NaN,5.58,6.93,8.1,8.81
NaN,-6.75,-6.28,NaN,-4,-1.97,-0.699999999999999,-0.0199999999999996,NaN,2.2,4.14,NaN,5.71,6.9,NaN,NaN
-7.76,-6.63,NaN,-4.3,NaN,-1.95,NaN,0.120000000000001,NaN,1.93,3.42,NaN,NaN,6.91,8.08,9.05
-7.57,-6.84,NaN,NaN,-3.82,NaN,-0.579999999999998,0.0700000000000003,0.960000000000001,2.27,4,5.04,NaN,7.21,7.94,9.02
NaN,NaN,-5.95,NaN,-3.85,-2.46,NaN,-0.0999999999999979,NaN,2.35,4.08,4.93,5.5,7.42,8.25,9.05
NaN,-6.47,NaN,NaN,NaN,NaN,-0.829999999999998,0.0999999999999979,0.989999999999998,2.49,3.8,5.04,NaN,6.84,8.2,NaN
NaN,-6.62,NaN,NaN,-3.79,-2.21,-1,0.0799999999999983,0.949999999999999,2.24,4.01,4.94,5.42,6.83,8.19,NaN
NaN,-6.88,-6.01,NaN,-3.45,-2.14,-0.609999999999999,0.0399999999999991,0.98,2.3,3.37,4.73,5.66,6.98,8.37,NaN
-7.8,NaN,-5.97,-4.3,NaN,-2.12,-0.789999999999999,0.0899999999999999,NaN,2.33,NaN,5,NaN,6.68,NaN,8.95
-7.66,NaN,-6.13,-4.38,NaN,-2.06,NaN,0.0799999999999983,0.890000000000001,2.31,4,NaN,5.81,6.96,8.14,9.04
-7.92,-6.65,-5.9,-4.32,NaN,-2.01,-0.870000000000001,0.120000000000001,NaN,2.46,NaN,4.97,NaN,6.82,8.04,9.02
NaN,NaN,-5.93,NaN,-3.86,-2.24,-0.699999999999999,0.140000000000001,NaN,2.59,3.36,NaN,5.71,7.1,8.03,8.95
-7.92,-6.44,NaN,NaN,-3.67,NaN,-0.98,0.0799999999999983,NaN,2.07,4.11,NaN,NaN,6.89,8.06,9.06
NaN,-6.53,-6.03,-4.57,-4.01,-1.71,-0.809999999999999,0.0300000000000011,1,2.38,3.38,NaN,5.65,7.08,8.05,NaN
-7.56,-6.56,NaN,-4.49,-3.71,NaN,-0.84,0.00999999999999801,NaN,2.11,NaN,NaN,NaN,7.05,8.04,NaN
NaN,NaN,-6.14,-4.57,-3.8,-2.52,-0.800000000000001,-0.0999999999999979,NaN,2.48,3.56,NaN,NaN,6.98,8.04,NaN
-7.57,NaN,-6.28,NaN,-3.95,NaN,NaN,NaN,NaN,2.33,3.64,4.59,5.58,6.97,8.23,NaN
-7.76,-6.76,-5.88,NaN,-3.78,-2.27,-0.789999999999999,-0.0399999999999991,0.93,2.29,4.01,NaN,5.71,7.02,8.13,NaN
NaN,-6.58,NaN,-4.55,-3.66,-2.19,-0.899999999999999,0.0199999999999996,NaN,2.4,4.22,NaN,NaN,NaN,8.08,NaN
-7.66,-6.64,NaN,-4.15,NaN,-1.93,-0.870000000000001,0.00999999999999801,1.01,NaN,4.05,4.97,NaN,6.95,8.09,NaN
NaN,-6.96,-5.82,NaN,-4.05,-2.01,-0.690000000000001,0.00999999999999801,0.879999999999999,2.27,4.03,NaN,5.56,6.96,8.06,NaN
NaN,-6.63,NaN,NaN,-3.96,-2.07,NaN,0.0599999999999987,NaN,2.11,3.31,4.92,5.51,6.83,8.11,9.05
-7.76,NaN,-5.88,NaN,-3.77,-1.97,-0.669999999999998,0.0599999999999987,NaN,2.01,4.15,NaN,5.61,6.79,8.07,8.97
-7.76,-6.62,-5.97,-4.47,-3.61,-1.81,-0.739999999999998,NaN,NaN,2.22,NaN,4.84,5.94,7.06,8.09,NaN
-7.57,-6.43,NaN,NaN,-3.83,-2.26,-0.989999999999998,0.0500000000000007,0.879999999999999,2.36,4.04,NaN,6.06,7.04,8.15,NaN
-7.6,-6.91,-5.93,NaN,-3.7,-1.91,-0.809999999999999,0.349999999999998,NaN,2.46,3.49,NaN,5.7,7.17,8.14,NaN
NaN,-6.84,NaN,NaN,-3.72,-2.63,-0.879999999999999,0.0599999999999987,1.41,2.39,3.69,4.83,5.61,6.87,8.29,NaN
NaN,NaN,-5.91,-4.53,NaN,-2.17,-0.68,0.23,0.919999999999998,2.35,3.67,NaN,5.52,7,8.15,NaN
NaN,-6.41,NaN,NaN,-3.69,-2.11,-0.919999999999998,0.0500000000000007,NaN,2.73,3.78,NaN,5.49,6.77,8.11,8.91
-7.57,-6.97,-5.92,NaN,-3.99,-2.65,-0.829999999999998,0.16,NaN,2.46,3.98,NaN,5.56,7.16,NaN,8.97
-7.56,-6.6,-5.87,-4.65,NaN,-2.03,-0.82,-0.0399999999999991,0.960000000000001,2.27,4.15,4.86,5.53,6.94,8.2,8.93
NaN,-7.03,-5.91,NaN,-3.59,-2.13,-0.669999999999998,-0.0700000000000003,NaN,2.38,3.34,NaN,5.51,7.17,8.04,9.06
-8,-7.04,-5.86,NaN,-3.89,-2.07,-0.649999999999999,0.18,1.02,2.26,3.93,4.94,5.55,7.08,8.04,9.01
-7.6,NaN,-6.11,-4.4,-3.57,-1.95,NaN,0.0700000000000003,0.91,2.31,4.11,NaN,5.72,7.06,8.05,9.06
NaN,-6.81,-5.89,NaN,-3.61,NaN,-0.899999999999999,0.0300000000000011,NaN,2.34,NaN,NaN,5.88,7.03,8.3,NaN
-7.56,-6.65,NaN,-4.14,NaN,-2.25,-0.690000000000001,0.109999999999999,0.960000000000001,2.34,3.83,NaN,5.55,6.93,8.14,NaN
NaN,-6.98,-5.91,NaN,-3.77,-2.27,-0.710000000000001,0.199999999999999,1.02,2.11,4.25,NaN,5.63,NaN,8.25,9.03
-8,NaN,-5.88,NaN,NaN,-2.23,-0.73,0.0300000000000011,1.05,2.27,3.72,NaN,5.58,6.83,8.31,8.98
-8,-6.38,NaN,NaN,-3.71,-1.99,NaN,-0.0899999999999999,0.899999999999999,2.76,NaN,4.86,5.49,7.23,NaN,8.81
-7.57,-6.65,-5.89,NaN,-3.79,-2.17,-0.57,0.18,NaN,2.08,3.66,NaN,5.63,7.04,8.16,NaN
-8,-6.87,NaN,-4.72,-3.87,-1.77,-0.809999999999999,NaN,1.04,2.39,3.33,4.9,5.67,6.78,8.03,NaN
NaN,NaN,-5.94,NaN,-3.86,-2.18,-0.57,0.0899999999999999,0.809999999999999,2.19,3.94,4.97,5.7,7.21,8.16,9.06
NaN,-7.04,-5.91,NaN,-3.86,-2.16,-0.780000000000001,0.169999999999998,0.91,2.25,3.58,NaN,5.58,6.97,8.11,NaN
-7.57,NaN,-5.99,-4.56,NaN,-2.28,-0.710000000000001,0.0399999999999991,NaN,2.38,3.83,NaN,5.55,7.02,8.11,NaN
NaN,NaN,-5.99,NaN,-3.83,-2.6,-0.690000000000001,-0.00999999999999801,0.98,2.25,3.67,4.8,5.91,7.05,8.17,9.05
-8,NaN,-6.16,-4.59,-3.76,NaN,-1.03,0.129999999999999,0.859999999999999,2.28,3.81,4.95,NaN,7.13,8.07,9.05
-8,NaN,-5.9,NaN,NaN,NaN,-0.780000000000001,0.0899999999999999,NaN,1.95,3.44,5,5.53,6.9,NaN,8.65
-7.6,-6.91,-5.86,NaN,-3.74,-2.25,-0.710000000000001,0.0700000000000003,NaN,2.23,3.91,NaN,5.67,7.27,8.34,9.05
NaN,-6.96,NaN,-4.51,-3.81,-2.22,-0.800000000000001,0.00999999999999801,0.960000000000001,2.22,4.26,4.87,5.65,7.16,8.11,9.04
-7.57,-6.68,NaN,-4.49,NaN,-2.04,-0.870000000000001,0.0500000000000007,0.949999999999999,2.37,3.96,NaN,5.63,7.19,NaN,8.86
-8,NaN,-6.29,NaN,-3.68,-2.15,-1.06,0.210000000000001,0.879999999999999,2.7,3.76,NaN,5.5,7.11,8.15,9.05
-8,-6.32,NaN,NaN,-3.6,NaN,-0.969999999999999,NaN,0.870000000000001,2.41,3.32,NaN,5.74,7.03,8.01,NaN
NaN,NaN,-6,-4.64,-3.44,-2.31,-0.599999999999998,NaN,0.859999999999999,2.39,3.98,NaN,5.57,7.12,8.02,9.06
-8,-6.56,-5.9,-4.18,NaN,-2.04,-0.77,NaN,NaN,2.34,3.66,4.59,NaN,6.85,NaN,8.74
-8,NaN,-5.98,-4.52,NaN,-1.87,-0.77,0.149999999999999,NaN,2.3,NaN,NaN,5.6,7.06,NaN,9.06
NaN,-6.53,NaN,NaN,-3.77,-2.03,-0.940000000000001,0.109999999999999,NaN,1.91,3.61,NaN,5.63,NaN,8.3,NaN
-7.76,NaN,-6.07,NaN,-3.8,-2.12,-1.09,NaN,NaN,2.2,3.42,4.45,NaN,6.95,8.14,NaN
NaN,-6.73,NaN,NaN,-3.65,-2.05,-0.809999999999999,0.0300000000000011,0.899999999999999,2.29,3.64,NaN,5.48,6.87,8.2,8.94
-7.57,NaN,-6.05,NaN,-4.01,-2.23,-0.780000000000001,0.169999999999998,NaN,2.28,NaN,4.84,5.51,7.07,8.11,8.88
-8,NaN,-5.89,-4.52,-3.71,-2.27,-0.710000000000001,-0.149999999999999,0.940000000000001,2.38,3.49,NaN,5.45,6.96,8.05,8.85
NaN,-7.06,-6.1,-4.66,-3.82,NaN,NaN,0.0500000000000007,NaN,2.28,3.73,NaN,5.88,7.17,8.28,9.01
-7.96,NaN,-5.96,NaN,-3.78,-2.65,-0.849999999999998,-0.0999999999999979,NaN,2.51,3.84,NaN,5.51,7.04,8.22,NaN
-8,-6.53,-6.02,NaN,-3.66,-2.5,-0.759999999999998,0.140000000000001,NaN,2.18,3.98,4.85,NaN,6.92,8.14,NaN
-7.57,NaN,-6.06,NaN,-3.82,-2.1,-0.599999999999998,0.0399999999999991,NaN,1.86,3.52,NaN,5.65,7.09,8.05,NaN
NaN,-6.42,NaN,-4.6,NaN,-2.24,-1.01,0,0.949999999999999,2.46,NaN,NaN,5.7,7.14,8.1,NaN
-8,NaN,-6.01,NaN,-3.74,NaN,NaN,-0.0500000000000007,1.07,2.42,3.65,4.78,5.59,7.17,8.14,NaN
-7.78,-6.8,-5.97,NaN,-3.81,-2.24,-0.809999999999999,0.0899999999999999,NaN,2.21,NaN,NaN,5.65,7,8.23,NaN
-8,-6.55,-5.82,NaN,-3.86,-2.22,-0.949999999999999,NaN,0.919999999999998,2.61,NaN,5.04,NaN,7.22,8.09,NaN
NaN,NaN,-5.92,NaN,-3.53,-2.04,-0.789999999999999,0.0599999999999987,0.859999999999999,2.29,3.72,NaN,5.52,6.99,NaN,8.75
NaN,-6.96,-5.85,-4.53,-3.67,-2.1,-0.609999999999999,-0.0399999999999991,NaN,2.31,3.8,NaN,5.67,NaN,8.11,9.06
-7.69,-6.82,-5.99,-4.15,NaN,-2.09,NaN,0.190000000000001,1.04,2.3,3.89,4.57,6.05,6.98,8.13,8.85
NaN,-7.06,-5.88,-4.55,-3.77,-2.16,-0.640000000000001,0.00999999999999801,NaN,2.34,3.36,4.8,5.55,6.79,8.22,NaN
NaN,NaN,-6.09,NaN,-3.69,-1.76,NaN,0.0399999999999991,NaN,2.47,3.34,NaN,5.62,6.97,8.16,9
-8,NaN,-6.05,-4.57,NaN,-2.27,NaN,0.0199999999999996,0.870000000000001,2.41,3.31,NaN,6.06,6.86,8.11,NaN
NaN,-6.62,-6.04,NaN,-3.97,-2.19,-0.849999999999998,0.0599999999999987,NaN,2.19,3.59,NaN,5.52,7.09,8.04,9.06
NaN,-6.83,-5.85,NaN,-3.72,-2.53,-1.01,-0.239999999999998,NaN,2.37,3.69,5.11,NaN,7.02,8.1,9.02
NaN,-6.97,-6.11,NaN,-3.75,-2.3,-0.849999999999998,0.0899999999999999,NaN,2.46,3.57,5.16,NaN,7.02,8.01,NaN
-7.66,-7.01,-5.9,NaN,-3.82,NaN,-0.77,0.0899999999999999,1.01,2.33,NaN,4.73,NaN,6.93,8.26,NaN
-7.78,-6.91,-6.04,NaN,-3.75,NaN,-0.68,NaN,NaN,NaN,4.11,NaN,NaN,7.05,8.22,NaN
NaN,NaN,-5.95,NaN,NaN,-1.95,-0.68,0.0799999999999983,NaN,2.3,3.31,NaN,5.5,6.75,8.34,NaN
NaN,-6.52,NaN,NaN,-3.99,-2.26,NaN,NaN,NaN,2.3,3.77,4.92,NaN,7.16,8.18,NaN
NaN,NaN,-5.98,NaN,-3.85,-2.3,-0.82,0.0199999999999996,NaN,2.38,3.67,4.88,NaN,6.85,NaN,8.75
-8,-6.49,-6,-4.62,-3.82,NaN,-0.739999999999998,NaN,NaN,1.98,3.66,NaN,5.39,6.63,8.18,NaN
-8,NaN,-5.95,-4.19,NaN,-2,-0.699999999999999,NaN,NaN,2.4,3.6,NaN,5.56,6.97,8.09,9.05
-8,-6.65,-5.94,-4.48,NaN,-2.13,-0.829999999999998,0.109999999999999,NaN,2.34,4.15,NaN,5.55,7.3,NaN,9.02
-8,-6.58,NaN,NaN,NaN,-2.1,NaN,0.129999999999999,0.899999999999999,2.42,3.64,NaN,5.61,7.12,8.05,NaN
NaN,-7.04,-6.13,NaN,-3.58,-2,-0.66,NaN,0.91,2.29,4.15,NaN,5.5,6.97,NaN,8.89
-8,-6.6,NaN,NaN,-3.73,-2.44,-0.75,0.00999999999999801,0.829999999999998,2.38,4.14,NaN,5.78,7.09,NaN,9.02
-8,-6.59,-5.87,-4.56,-3.6,-2,-0.829999999999998,0,0.969999999999999,2.26,3.56,NaN,NaN,6.88,8.15,NaN
NaN,-6.61,NaN,-4.55,-3.92,-1.81,-0.649999999999999,NaN,0.98,2.34,3.79,NaN,5.5,7,8.06,8.89
NaN,-7.02,NaN,-4.62,-3.41,-2.15,-0.859999999999999,0.0999999999999979,NaN,2.3,3.63,4.94,5.69,7.16,8.21,9.04
-7.96,NaN,-6.3,NaN,-3.81,-2.19,-0.68,0.0899999999999999,NaN,2.41,4.02,NaN,5.45,6.81,8.05,9.05
-8,NaN,-5.86,NaN,-3.43,-2.34,-0.84,0.0199999999999996,NaN,2.17,3.65,NaN,5.51,6.96,8.34,NaN
-7.8,-6.59,NaN,NaN,NaN,NaN,-0.809999999999999,NaN,NaN,NaN,NaN,NaN,5.56,7.1,8.12,9.02
-7.92,-6.77,-5.91,-4.51,NaN,NaN,-0.719999999999999,0.0399999999999991,NaN,2.35,4.1,NaN,5.51,7.1,8.11,NaN
-8,-6.53,-6.02,-4.46,-3.87,-2.33,-0.859999999999999,0.0700000000000003,0.93,2.09,NaN,NaN,5.58,6.91,8.09,NaN
NaN,NaN,-5.92,NaN,NaN,-2.05,-0.800000000000001,-0.0300000000000011,1,2.38,4.01,4.95,6.02,7.12,8.04,9.05
-7.66,-6.68,-5.97,NaN,-3.87,-2.07,-0.800000000000001,0.0500000000000007,0.960000000000001,2.49,3.63,NaN,5.63,6.88,8.17,9.05
-7.76,-6.62,NaN,NaN,-3.8,-1.85,NaN,-0.0300000000000011,0.849999999999998,2.31,NaN,4.89,5.83,7.11,NaN,8.65
-7.76,NaN,-6.11,NaN,-3.78,-2.19,-0.890000000000001,NaN,NaN,NaN,3.68,4.72,5.54,6.68,8.13,9.05
NaN,NaN,-6.04,NaN,-3.92,-2.21,-0.809999999999999,0.0999999999999979,NaN,2.18,NaN,4.92,NaN,6.96,8.06,8.97
-7.8,-6.61,NaN,NaN,NaN,-2.13,NaN,0.169999999999998,0.91,2.42,NaN,NaN,NaN,6.92,8.11,8.74
NaN,-6.63,-5.81,NaN,-3.69,-2,-0.859999999999999,-0.0700000000000003,0.899999999999999,2.19,3.36,NaN,5.55,7.05,8.02,9.06
NaN,-7.02,-6.07,-4.53,-3.91,NaN,-0.870000000000001,0.0599999999999987,NaN,2.23,4.08,NaN,5.58,7.22,8.14,NaN
NaN,-6.34,NaN,-4.12,NaN,-2.25,-0.780000000000001,0.129999999999999,0.82,2.08,NaN,4.61,NaN,7.15,8.05,9.05
-8,NaN,-6.17,-4.6,-3.67,-1.87,-0.989999999999998,0.00999999999999801,NaN,2.47,3.42,NaN,5.7,7.12,8.04,NaN
NaN,NaN,-6,NaN,-3.7,-2.1,-0.59,-0.0199999999999996,NaN,2.39,3.67,NaN,NaN,6.97,8.12,NaN
-7.78,-6.59,NaN,-4.39,-3.68,-2.18,-0.759999999999998,0.0700000000000003,0.800000000000001,2.23,3.81,4.8,NaN,6.82,8.13,9.06
NaN,NaN,-5.77,-4.64,-3.66,NaN,-0.859999999999999,-0.0799999999999983,1.06,2.37,NaN,NaN,5.7,7.04,8.13,NaN
-8,NaN,-6.11,-4.45,-3.83,-2.15,-0.620000000000001,0.00999999999999801,NaN,2.26,3.95,5,5.59,7.18,8.26,NaN
NaN,-6.48,NaN,-4.47,NaN,-1.95,-0.800000000000001,0.129999999999999,NaN,2.23,NaN,4.65,NaN,7.29,NaN,9.04
-7.8,-6.5,NaN,NaN,-3.96,-2.19,-0.809999999999999,NaN,NaN,2.4,NaN,NaN,5.56,6.82,8.19,NaN
-8,NaN,-6.06,NaN,NaN,-2.08,-0.599999999999998,0.0799999999999983,NaN,2.2,3.34,NaN,5.73,NaN,8.13,9.04
-7.56,NaN,-6.04,-4.64,-3.73,NaN,-0.780000000000001,0.0999999999999979,NaN,2.26,3.82,NaN,5.79,7.16,8.13,9.02
-7.76,-6.32,NaN,NaN,-3.76,-2.27,NaN,0.16,0.949999999999999,NaN,NaN,5,5.49,6.95,8.19,NaN
NaN,NaN,-6.15,NaN,-3.78,-2.17,-0.669999999999998,0.0199999999999996,NaN,2.28,3.97,4.94,6.01,7.1,8.15,NaN
-7.89,NaN,-5.98,NaN,-3.78,-2.43,-0.93,0.16,0.919999999999998,2.43,3.99,NaN,5.55,7.1,8.1,NaN
-8,NaN,-6.1,-4.52,-3.78,-2.12,-0.890000000000001,0.0899999999999999,NaN,2.3,3.63,4.82,5.58,6.71,8.18,NaN
NaN,-6.89,NaN,-4.22,NaN,NaN,NaN,NaN,0.960000000000001,2.39,3.97,4.75,NaN,7.1,8.16,8.97
-7.66,-6.66,NaN,NaN,-3.72,-1.99,-0.949999999999999,0.219999999999999,0.859999999999999,2.28,3.88,4.92,5.53,7.25,8.18,8.95
NaN,NaN,-6.1,NaN,-3.75,-2.1,-0.84,-0.129999999999999,1.17,2.36,NaN,4.94,5.79,7.5,8.24,8.9
-7.78,-6.68,NaN,NaN,-4.04,NaN,-1.05,0.0399999999999991,NaN,2.45,4.17,4.95,NaN,7.18,8.11,NaN
NaN,-6.65,NaN,NaN,-3.78,-2.07,-0.629999999999999,0.00999999999999801,NaN,2.43,4.22,5,NaN,7.05,8.11,8.96
-8,-6.6,-5.87,-4.38,NaN,-1.97,-0.98,-0.0300000000000011,1.36,2.33,3.84,4.89,5.51,6.84,8.16,NaN
-7.92,-7.03,-5.96,-4.64,-3.67,-2.34,-0.539999999999999,0.0599999999999987,1.08,2.25,NaN,4.95,5.7,7.05,8.19,NaN
-7.6,-6.67,-6.22,-4.37,-3.53,-2.01,-0.489999999999998,0.0500000000000007,0.93,2.39,3.49,4.58,5.56,6.74,8.23,NaN
-7.92,-7.03,-5.97,-4.38,-3.71,-1.97,-0.940000000000001,0.16,0.890000000000001,2.21,3.81,4.86,5.87,7.1,8.18,NaN
-7.8,-6.68,-6,NaN,-3.78,-2.09,-0.809999999999999,0.0199999999999996,1,2.3,NaN,5.05,NaN,7.1,8,8.98
-7.76,NaN,-6.1,-4.52,NaN,-2.39,-0.989999999999998,0.16,NaN,2.06,3.51,NaN,5.62,7.19,8.05,9.05
-7.76,-6.84,NaN,NaN,NaN,-2.25,-0.82,-0.0199999999999996,1.01,2.28,4.08,NaN,5.56,6.96,8.14,8.85
-8,-6.58,-5.92,NaN,-3.66,-2.26,-0.759999999999998,0.0799999999999983,1.2,2.33,3.7,4.92,NaN,7.25,8.04,8.88
NaN,NaN,-5.99,NaN,-3.81,-1.97,-1.03,0.109999999999999,0.93,2.39,NaN,4.56,5.39,7.05,8.1,NaN
-7.7,-6.82,-6.04,NaN,-3.6,-2.45,-1.02,-0.00999999999999801,1.01,2.26,3.8,4.91,5.59,7.17,8.39,NaN
-8,-6.6,NaN,NaN,-3.79,-2.04,-0.849999999999998,-0.00999999999999801,NaN,2.15,3.9,NaN,NaN,7.16,8.38,9.03
NaN,-6.68,-5.93,NaN,-3.82,-2.29,NaN,-0.0300000000000011,NaN,2.35,4.06,4.93,5.63,6.98,8.09,NaN
NaN,-7.02,-5.95,NaN,-3.71,-2.29,-0.789999999999999,0.0799999999999983,1.19,2.29,3.76,4.76,5.6,7.08,8.17,NaN
-8,-6.6,NaN,-4.4,-3.55,-2.18,-0.59,0.109999999999999,0.890000000000001,2.32,NaN,NaN,5.99,7.1,NaN,8.98
-7.56,-6.46,NaN,NaN,-3.84,-2.06,-0.84,0.129999999999999,NaN,2.2,3.83,4.93,NaN,7.03,8.16,NaN
-7.8,NaN,-6.28,-4.42,-3.7,-1.98,-0.859999999999999,0,0.940000000000001,2.44,3.28,NaN,5.93,7.23,8.22,NaN
NaN,-6.82,-5.95,-4.5,-3.92,-1.92,-0.969999999999999,0.149999999999999,0.829999999999998,2.35,3.34,NaN,5.57,6.8,8.14,NaN
NaN,NaN,-5.83,-4.57,-3.33,-1.9,-0.82,0.140000000000001,0.829999999999998,2.43,3.73,NaN,NaN,7.13,8.08,8.93
NaN,-6.58,-5.86,NaN,-3.71,-2.2,-0.800000000000001,0.0599999999999987,0.919999999999998,2.33,4.07,NaN,5.45,7.26,8.08,8.84
NaN,-6.84,-5.88,-4.61,NaN,-2.29,-0.809999999999999,0.0899999999999999,NaN,2.32,NaN,5.09,NaN,7.26,8.18,NaN
NaN,-6.91,-5.87,NaN,-3.75,-1.98,-0.98,NaN,0.91,1.89,3.74,NaN,5.59,6.77,NaN,8.95
-7.63,-6.82,-6.09,-4.28,NaN,-2.65,-0.699999999999999,0.109999999999999,NaN,2.49,NaN,4.91,NaN,6.92,8.08,8.81
-8,NaN,-5.92,-4.43,NaN,-2.52,-1.02,0.0899999999999999,NaN,2.65,NaN,NaN,5.48,6.92,8.16,NaN
-7.66,NaN,-6.01,-4.51,NaN,-2.02,-0.699999999999999,0.129999999999999,0.84,2.36,NaN,5.06,NaN,7.14,8.08,NaN
NaN,-6.99,NaN,-4.41,-3.69,-2.1,-0.899999999999999,0.149999999999999,1.03,2.34,3.74,4.96,NaN,7.21,8.13,9.04
-7.5,-6.93,-5.95,NaN,-3.6,NaN,-0.949999999999999,NaN,0.899999999999999,2.29,NaN,4.95,NaN,6.92,8.01,9.06
-7.95,NaN,-6.17,-4.32,NaN,-2.29,-0.66,0.0199999999999996,NaN,2.29,3.9,4.86,5.75,7.14,8.03,NaN
-7.8,-6.82,-5.87,-4.4,-3.58,-2.04,-0.759999999999998,0.0300000000000011,0.98,2.21,3.34,5,5.53,7.12,8.16,NaN
-8,-7.02,NaN,NaN,-3.74,-2.08,-0.960000000000001,0.199999999999999,NaN,2.3,NaN,NaN,NaN,6.67,8.16,9.05
-8,-6.54,-5.99,NaN,-3.87,-2.17,NaN,-0.0199999999999996,NaN,2.48,NaN,5.02,5.83,7.21,7.99,8.85
NaN,-6.36,NaN,NaN,-3.96,NaN,NaN,0.0599999999999987,0.899999999999999,2.37,NaN,5.08,NaN,6.99,8.12,9.05
-8,NaN,-6,-4.28,NaN,-1.95,-0.879999999999999,0.0199999999999996,NaN,1.86,4.2,4.8,5.51,7.14,8.12,NaN
-7.57,-6.64,-6.02,NaN,-3.82,-2.17,-0.870000000000001,-0.129999999999999,1.02,1.98,4.03,NaN,5.58,7.03,8.07,8.93
-7.95,NaN,-6.29,-4.43,-3.67,-2.21,-0.710000000000001,-0.0199999999999996,NaN,2.3,NaN,NaN,5.63,7.15,8.18,NaN
NaN,-7.03,-5.82,-4.5,NaN,-2.22,-0.919999999999998,NaN,0.93,2.2,3.67,NaN,5.67,NaN,8.26,9.02
-7.96,-6.83,-6.01,-4.5,-3.79,-2.1,-0.759999999999998,0.0500000000000007,1.02,2.44,3.8,4.92,5.8,7.07,8.25,NaN
NaN,NaN,-5.91,NaN,-3.72,-2.13,-0.91,0.0999999999999979,0.969999999999999,2.22,3.63,4.47,5.59,6.86,8.18,NaN
-8,NaN,-6.02,NaN,-3.81,-2.1,-0.849999999999998,0.149999999999999,NaN,2.25,3.88,4.94,5.66,7.14,8.25,NaN
-7.95,NaN,-5.96,NaN,-3.75,-2.28,-0.640000000000001,0.109999999999999,0.969999999999999,2.33,3.84,4.93,NaN,6.87,8.09,NaN
NaN,-7.03,-5.91,-4.32,-3.32,-1.98,-0.879999999999999,NaN,NaN,2.28,NaN,4.46,5.77,7.05,8.09,NaN
-8,-7.05,-5.85,NaN,NaN,-1.84,-0.739999999999998,-0.0799999999999983,1,2.03,4.11,NaN,5.53,6.69,8.16,8.93
-7.66,-7.02,-5.99,NaN,-3.79,-2.26,-0.759999999999998,0.129999999999999,0.98,2.29,3.94,NaN,5.5,7.08,8.1,NaN
-7.89,NaN,-6.31,NaN,NaN,-2.19,NaN,0.0500000000000007,NaN,1.82,3.74,NaN,5.67,7.26,8.17,9.06
NaN,-6.6,NaN,NaN,-3.69,-1.94,-0.899999999999999,0.00999999999999801,NaN,2.37,NaN,NaN,5.6,7.17,8.28,NaN
NaN,-6.67,NaN,NaN,-4.05,-2,-0.789999999999999,0.169999999999998,0.73,2.27,3.71,4.67,5.58,7.02,7.98,9.06
-7.92,-6.71,-5.82,-4.2,NaN,-2.29,-0.739999999999998,0.0500000000000007,NaN,2.27,3.71,4.46,5.45,6.96,8.23,9
NaN,-6.91,-6.08,NaN,-3.91,-2.09,-0.800000000000001,0.140000000000001,NaN,2.21,NaN,NaN,NaN,6.91,8.2,9.01
-8,NaN,-5.97,-4.44,-3.85,-2.17,-0.879999999999999,0.0999999999999979,1,2.11,4.16,NaN,5.6,6.95,NaN,NaN
-8,NaN,-5.96,-4.44,-3.74,-2.18,-0.719999999999999,0.0300000000000011,NaN,2.2,NaN,4.97,5.52,7.08,8.12,NaN
-8,NaN,-6.1,-4.53,NaN,-2.21,-0.93,0.149999999999999,0.93,2.3,3.82,NaN,5.55,7.04,8.28,NaN
-7.56,NaN,-6.13,-4.85,-3.69,-1.91,-0.739999999999998,-0.0599999999999987,NaN,2.18,NaN,4.93,NaN,7.28,8.14,9.04
-7.8,NaN,-6.18,NaN,-3.88,-2.17,-0.93,0.27,0.919999999999998,2.28,3.3,NaN,NaN,6.89,NaN,8.98
-7.6,NaN,-6.15,-4.25,-3.5,-2.35,-1,0.0300000000000011,NaN,2.31,3.4,NaN,5.52,7.01,8.08,8.97
NaN,NaN,-6.01,NaN,-3.83,-2.03,-0.82,0.239999999999998,0.989999999999998,2.03,3.37,NaN,NaN,6.78,8.17,8.96
-7.56,-6.6,NaN,NaN,-3.71,-2.18,-0.629999999999999,0.0500000000000007,NaN,2.32,NaN,4.79,5.9,7.17,8.01,NaN
-7.6,NaN,-6.02,NaN,-3.77,-2.24,-0.780000000000001,0.0799999999999983,NaN,2.46,3.49,NaN,NaN,6.93,8.07,NaN
-8,NaN,-6.02,-4.48,-3.73,-2.26,-0.93,-0.23,1.02,2.4,NaN,4.76,5.68,6.92,8.35,NaN
NaN,-6.5,NaN,-4.8,NaN,-2.31,-0.879999999999999,0.120000000000001,1.03,2.39,4.14,NaN,5.54,7,8.04,NaN
NaN,-6.81,-6.09,NaN,-3.82,-2.44,-0.579999999999998,0.149999999999999,NaN,2.13,NaN,NaN,5.37,7.01,8.02,9.06
-7.66,-6.71,-6.04,NaN,-3.53,-2.3,-0.759999999999998,0.0199999999999996,NaN,2.43,NaN,5.1,NaN,6.98,8.02,8.73
-7.92,NaN,-6.07,-4.6,-3.8,-2.06,-0.59,0.0700000000000003,NaN,2.19,3.83,NaN,5.69,6.97,8.03,NaN
-7.8,NaN,-5.96,NaN,-3.95,-1.91,-0.919999999999998,0.0700000000000003,NaN,2.39,NaN,4.95,NaN,6.98,8.05,8.8
